1305031452.791720 0.0000000 0.0000000 0.0000000 -0.0000000 -0.0000000 -0.0000000 1.0000000
1305031452.891726 0.0192708 0.0016152 -0.0124093 -0.0012125 0.0184414 0.0436508 0.9988759
1305031452.923715 0.0199192 0.0030888 -0.0130837 -0.0047556 0.0227357 0.0487486 0.9985410
1305031452.991647 0.0231424 -0.0021477 -0.0150026 -0.0069567 0.0319941 0.0466210 0.9983760
1305031453.059754 0.0357227 -0.0106981 -0.0304882 -0.0114056 0.0533481 0.0461721 0.9974428
1305031453.159673 0.0442223 -0.0177617 -0.0526349 -0.0162241 0.0906610 0.0445797 0.9947513
1305031453.259670 0.0473847 -0.0269005 -0.0786352 -0.0237984 0.1259260 0.0432675 0.9908099
1305031453.359684 0.0441715 -0.0351123 -0.1068012 -0.0239043 0.1618720 0.0619295 0.9845765
1305031453.459685 0.0408491 -0.0456606 -0.1388423 -0.0248536 0.1812026 0.0867238 0.9792992
1305031453.591640 0.0295699 -0.0374475 -0.2061679 -0.0003352 0.1975460 0.1103157 0.9740667
1305031453.727652 0.0066025 -0.0118122 -0.2827752 0.0247328 0.1776164 0.1020078 0.9784861
1305031453.891710 -0.0612681 0.0138884 -0.3482986 0.0345488 0.1235540 0.0642547 0.9896526
1305031454.027662 -0.1012230 0.0125104 -0.3694684 0.0265195 0.0605225 0.0352959 0.9971901
1305031454.191658 -0.1681874 0.0149813 -0.3851208 0.0234815 -0.0109118 -0.0260640 0.9993249
1305031454.359636 -0.1924249 0.0123194 -0.3733022 0.0295189 -0.0835066 -0.1011695 0.9909188
1305031454.491617 -0.2238283 0.0278040 -0.3764609 0.0333351 -0.1217833 -0.1602689 0.9789645
1305031454.627580 -0.2438064 0.0513312 -0.3857311 0.0220657 -0.1627914 -0.2183273 0.9619487
1305031454.759732 -0.2340362 0.0764546 -0.3937034 0.0008559 -0.2138019 -0.2275161 0.9500129
1305031454.859620 -0.2165244 0.1028429 -0.3956653 -0.0114240 -0.2161035 -0.2026737 0.9550352
1305031455.291831 -0.3236046 0.2293920 -0.4452693 -0.0309651 -0.1479814 -0.1372775 0.9789268
1305031455.391665 -0.3616351 0.2499139 -0.4515264 -0.0518516 -0.1347299 -0.1094697 0.9834509
1305031455.527610 -0.4416139 0.2487293 -0.4724807 -0.0717325 -0.1073702 -0.0669196 0.9893674
1305031455.727628 -0.5684174 0.2259906 -0.5140982 -0.0716375 -0.0887441 -0.0280894 0.9930778
1305031456.027770 -0.7183127 0.1775202 -0.5910535 -0.0748524 -0.0444697 -0.0435552 0.9952500
1305031456.091707 -0.7531756 0.1531367 -0.5927122 -0.0942260 -0.0326369 -0.0565642 0.9934067
1305031456.359846 -0.8383626 0.0981548 -0.5771434 -0.0830175 0.0439620 -0.0382589 0.9948425
1305031456.427662 -0.8747271 0.0889336 -0.5526403 -0.0763935 0.0732083 -0.0308832 0.9939069
1305031456.591651 -0.9422117 0.1095164 -0.4957676 -0.0823800 0.0888756 -0.0012589 0.9926294
1305031456.927690 -1.0560493 0.1238314 -0.3523707 -0.1093428 0.1107831 0.0738834 0.9850444
1305031457.259691 -1.1891491 0.1052304 -0.3020182 -0.1347393 0.1778030 0.1228918 0.9670208
1305031457.359712 -1.2431264 0.0956370 -0.3160428 -0.1224631 0.2105028 0.1355200 0.9603779
1305031457.459614 -1.3091489 0.0735908 -0.3235277 -0.1115718 0.2392720 0.1521860 0.9524390
1305031457.559685 -1.3552969 0.0381013 -0.3395955 -0.1052068 0.2501249 0.1613138 0.9488662
1305031457.691570 -1.4314795 0.0094890 -0.3458728 -0.1007553 0.2637667 0.1728703 0.9436055
1305031457.827699 -1.4811376 -0.0502683 -0.3507581 -0.0883761 0.2802771 0.1671208 0.9411190
1305031457.959632 -1.5519490 -0.1008020 -0.3291231 -0.0624104 0.3092315 0.1676913 0.9340024
1305031458.091690 -1.5990543 -0.1268974 -0.2979633 -0.0399323 0.3254657 0.1694435 0.9293903
1305031458.191646 -1.6434040 -0.1505716 -0.2393537 -0.0399975 0.3376942 0.1747341 0.9240296
1305031458.327628 -1.6853735 -0.1983660 -0.1459312 -0.0431419 0.3308879 0.1764262 0.9260269
1305031458.527737 -1.6977079 -0.2100702 -0.0306154 0.0353178 0.3567624 0.1782758 0.9163465
1305031458.691674 -1.7223130 -0.1570294 0.1069647 0.0462575 0.3629143 0.1532709 0.9179659
1305031458.791632 -1.6931804 -0.1292646 0.1563129 0.0502180 0.3154514 0.1277381 0.9389631
1305031458.891665 -1.6623465 -0.1278896 0.1825872 0.0490952 0.2988405 0.1169891 0.9458317
1305031458.991647 -1.6754842 -0.1629232 0.2286891 0.0392843 0.3198052 0.1405906 0.9361708
1305031459.091650 -1.7301619 -0.1986296 0.3047474 0.0720670 0.3102759 0.1515396 0.9357195
1305031459.191674 -1.7731276 -0.2185488 0.3438457 0.1037740 0.2499300 0.1627133 0.9488363
1305031459.259760 -1.7753019 -0.2091336 0.3684119 0.1118242 0.2335312 0.1819047 0.9486144
1305031459.359651 -1.7968080 -0.2026752 0.3974634 0.1180292 0.2882857 0.2302383 0.9219278
1305031459.491555 -1.8348804 -0.1348521 0.4678075 0.1294235 0.3965149 0.3455237 0.8406183
1305031459.591695 -1.8776360 -0.1563450 0.5107579 0.1195269 0.4380738 0.4199664 0.7857690
1305031459.827664 -1.9579529 -0.2451639 0.6003039 0.0994350 0.4805259 0.4290823 0.7583509
1305031459.959650 -1.9805957 -0.3111399 0.6523707 0.0899308 0.4730845 0.4399162 0.7580088
1305031460.091717 -1.9859849 -0.3826470 0.6984448 0.0885471 0.4705591 0.4552951 0.7506263
1305031460.191559 -1.9799002 -0.4230604 0.7245786 0.1075730 0.4481795 0.4783661 0.7474818
1305031460.291689 -1.9589865 -0.4546892 0.7360256 0.1069822 0.4599536 0.4814120 0.7384037
1305031460.391611 -1.9434805 -0.4841513 0.7564782 0.1015423 0.4842165 0.4864915 0.7201038
1305031460.527570 -1.9251133 -0.5245482 0.7853914 0.0859432 0.5251505 0.5089240 0.6766292
1305031460.591855 -1.9128282 -0.5498320 0.7982098 0.0732293 0.5408146 0.5139371 0.6618351
1305031460.727675 -1.8956242 -0.5941432 0.8388699 0.0581452 0.5632076 0.5162445 0.6425791
1305031460.827660 -1.8763176 -0.6245980 0.8699390 0.0442743 0.5738179 0.5129691 0.6368952
1305031460.959649 -1.8342749 -0.6663610 0.9011577 0.0168640 0.5810180 0.5156918 0.6294408
1305031461.091728 -1.7936409 -0.7024052 0.9308758 0.0183050 0.5872868 0.5148230 0.6242727
1305031461.227607 -1.7501476 -0.7287804 0.9455951 0.0151135 0.5908344 0.5056823 0.6284677
1305031461.359709 -1.7215499 -0.7297207 0.9648070 0.0106580 0.5990525 0.4880518 0.6346874
1305031461.491677 -1.6740915 -0.7407644 0.9609452 -0.0071834 0.5947695 0.4964451 0.6322498
1305031461.591690 -1.6700521 -0.7292224 0.9407786 -0.0061275 0.6018415 0.4860211 0.6336662
1305031461.727602 -1.6687434 -0.7038463 0.9251884 -0.0111328 0.6099957 0.4950258 0.6186525
1305031461.859767 -1.6950984 -0.6527033 0.9030650 -0.0068991 0.6173428 0.5077126 0.6008894
1305031461.991590 -1.7497566 -0.5716891 0.8847982 0.0000568 0.6170155 0.5326158 0.5793205
1305031462.127739 -1.7629527 -0.5483520 0.8898401 -0.0051413 0.5986237 0.5777737 0.5547979
1305031462.427635 -1.8320947 -0.4941827 0.9299053 -0.0627654 0.5765474 0.5785087 0.5735689
1305031462.559862 -1.8734615 -0.4742669 0.9397768 -0.0905260 0.5442399 0.5722247 0.6067676
1305031462.692548 -1.9188442 -0.4598631 0.9290876 -0.1034047 0.5355400 0.5411531 0.6400450
1305031462.827816 -1.9812564 -0.4245583 0.8998708 -0.1047562 0.5137398 0.5110543 0.6811175
1305031462.959676 -2.0239363 -0.3925902 0.8412001 -0.1085525 0.5002064 0.5020288 0.6971205
1305031463.095809 -2.0587568 -0.3630192 0.7741118 -0.0970275 0.4843912 0.4761640 0.7274742
1305031463.260034 -2.0879610 -0.3242188 0.6896945 -0.0898969 0.4765565 0.4418860 0.7546849
1305031463.395630 -2.0961831 -0.2849909 0.6262189 -0.0773725 0.4638488 0.4260763 0.7728627
1305031463.595600 -2.0795090 -0.2234889 0.5143589 -0.0740001 0.4581792 0.4174774 0.7812224
1305031463.827761 -2.0297084 -0.2025167 0.3416073 -0.0649212 0.4547484 0.3823967 0.8017243
1305031464.059652 -1.9925143 -0.2467214 0.1747271 -0.0699499 0.4459909 0.3295445 0.8292163
1305031464.327866 -1.9888387 -0.2959304 0.0290720 -0.0288783 0.3896046 0.2918517 0.8730389
1305031464.627672 -1.9026443 -0.3380954 -0.2046109 -0.0254272 0.3690751 0.2193957 0.9027750
1305031464.796021 -1.9032078 -0.3684837 -0.2516966 0.0059315 0.3992995 0.1197074 0.9089526
1305031465.195564 -1.6731879 -0.2602254 -0.2495242 -0.0372837 0.2566062 -0.0583972 0.9640296
1305031465.595599 -1.3888277 -0.0666621 -0.3004951 -0.0220381 0.1114037 0.0464156 0.9924461
1305031465.895494 -1.1939400 0.1533892 -0.4168242 0.0559993 0.0700155 0.1041214 0.9905154
1305031466.195833 -1.0890485 0.3726463 -0.5184068 0.0679750 0.0701714 0.1037496 0.9897936
1305031466.427819 -0.9985855 0.4447839 -0.6478052 0.0494735 0.0751674 0.0576380 0.9942737
1305031466.627549 -0.8786142 0.5039359 -0.7274088 0.0247132 0.0636741 0.0479982 0.9965095
1305031466.895694 -0.7490551 0.5674136 -0.7998205 0.0318845 0.0397559 0.0075765 0.9986718
1305031466.927756 -0.7289816 0.5729290 -0.8110107 0.0331623 0.0236214 0.0052174 0.9991572
1305031467.195663 -0.5922616 0.6035457 -0.8715813 0.0358771 -0.0163925 -0.0359778 0.9985739
1305031467.395756 -0.5019243 0.6332600 -0.9155493 0.0362913 -0.0575569 -0.0638014 0.9956403
1305031467.595989 -0.4065839 0.6467013 -0.9560201 0.0259366 -0.0876675 -0.0825961 0.9923808
1305031467.759907 -0.3299707 0.6174247 -0.9469137 0.0446742 -0.1092328 -0.0879177 0.9891122
1305031467.959826 -0.2517877 0.5595137 -0.8799448 0.0729716 -0.1431413 -0.0944112 0.9824827
1305031468.228158 -0.1491116 0.4592997 -0.7496127 0.0762051 -0.1649441 -0.1129844 0.9768423
1305031468.495809 -0.0641152 0.2976210 -0.6740545 0.0594170 -0.1591827 -0.1044106 0.9799127
1305031468.695835 -0.0763997 0.1596317 -0.6533727 0.0545570 -0.1662234 -0.1317780 0.9757192
1305031468.895873 -0.0812016 0.0670102 -0.6247796 0.0689928 -0.1768215 -0.1509982 0.9701411
1305031468.995711 -0.0880788 0.0741420 -0.6129857 0.0510440 -0.1622204 -0.1472529 0.9743694
1305031469.296754 -0.1120920 -0.0053331 -0.5037318 -0.0523743 -0.1259626 -0.2009931 0.9700475
1305031469.695613 -0.1282257 0.0727897 -0.3364398 -0.1080741 -0.0758219 -0.2253903 0.9652825
1305031469.959805 -0.1936784 0.1984994 -0.2542125 -0.1444364 -0.0692840 -0.2001416 0.9665822
1305031470.127633 -0.2621664 0.2734906 -0.2376855 -0.1553991 -0.0710342 -0.1919081 0.9664246
1305031470.395823 -0.3888704 0.3724243 -0.2371978 -0.1883547 -0.0692054 -0.1615833 0.9662422
1305031470.595760 -0.4838413 0.4173114 -0.2438773 -0.1891317 -0.0681725 -0.1568657 0.9669410
1305031470.795615 -0.5556716 0.4367259 -0.2398552 -0.2023891 -0.0577065 -0.1364215 0.9680381
1305031470.927684 -0.6016990 0.4393507 -0.2368626 -0.1874856 -0.0563918 -0.1185991 0.9734492
1305031471.259722 -0.6945980 0.4104272 -0.2522231 -0.1367531 -0.0356828 -0.0772768 0.9869416
1305031471.827639 -0.7677180 0.3992079 -0.2860784 -0.1252712 0.0380801 -0.0047350 0.9913802
1305031471.959643 -0.7774921 0.4031191 -0.2830350 -0.1407028 0.0583240 0.0138087 0.9882360
1305031472.195682 -0.8142616 0.4212306 -0.2743069 -0.1501221 0.0922017 0.0381292 0.9836200
1305031472.427686 -0.8275461 0.4099832 -0.2748252 -0.1341508 0.0955919 0.0474532 0.9851974
1305031472.663575 -0.8180791 0.3875110 -0.2749535 -0.1247628 0.0944943 0.0527205 0.9862686
1305031472.927685 -0.8038973 0.3681841 -0.2668598 -0.1141571 0.0917179 0.0554506 0.9876645
