1311868164.363181 0.0000000 0.0000000 0.0000000 -0.0000000 -0.0000000 -0.0000000 1.0000000
1311868164.563004 0.0082916 -0.0002236 -0.0089938 -0.0095841 0.0014230 -0.0123032 0.9998774
1311868164.599061 0.0093381 -0.0003534 -0.0109774 -0.0083537 0.0024559 -0.0142642 0.9998604
1311868164.999037 0.0551749 -0.0000098 -0.0292257 0.0105469 -0.0066156 -0.0199684 0.9997231
1311868165.099162 0.0747740 -0.0011520 -0.0336623 0.0094390 -0.0196658 -0.0234518 0.9994870
1311868165.231193 0.1041355 0.0027302 -0.0400855 0.0154023 -0.0308021 -0.0324233 0.9988807
1311868165.363060 0.1312976 0.0090517 -0.0431099 0.0077545 -0.0479037 -0.0366191 0.9981504
1311868166.299209 0.1900515 0.0666620 -0.1119749 -0.0378994 -0.0078763 -0.0208608 0.9990327
1311868166.499195 0.1969023 0.0826042 -0.1265299 -0.0541357 0.0022080 -0.0224026 0.9982798
1311868166.799225 0.2237025 0.0872538 -0.1425989 -0.0480243 -0.0015510 -0.0194959 0.9986547
1311868166.963312 0.2519098 0.0855032 -0.1468024 -0.0412948 -0.0141192 -0.0290400 0.9986251
1311868167.199258 0.3021403 0.0831800 -0.1465092 -0.0382887 -0.0444089 -0.0482464 0.9971129
1311868167.399226 0.3442698 0.0819439 -0.1499111 -0.0339536 -0.0661225 -0.0616902 0.9953237
1311868167.563160 0.3689942 0.0785136 -0.1490224 -0.0344066 -0.0776760 -0.0640811 0.9943220
1311868168.031266 0.4027194 0.0683096 -0.1338626 -0.0395547 -0.0860978 -0.0538418 0.9940441
1311868168.199247 0.4069449 0.0606999 -0.1206250 -0.0361727 -0.0862640 -0.0572297 0.9939693
1311868171.099448 0.6035936 -0.0933736 0.0022551 0.0232010 -0.2712018 -0.1351349 0.9527066
1311868171.263404 0.6241035 -0.0919029 0.0034480 0.0220707 -0.2777454 -0.1400038 0.9501417
1311868171.463459 0.6489208 -0.0896490 0.0106415 0.0220999 -0.2927276 -0.1555409 0.9432015
1311868171.831419 0.7108516 -0.0865808 0.0338323 0.0138383 -0.3124503 -0.1819154 0.9322500
1311868172.031533 0.7378867 -0.0828923 0.0505399 0.0012260 -0.3157141 -0.1906980 0.9294931
1311868172.799623 0.8122209 -0.0657163 0.1264317 -0.0643522 -0.2985442 -0.2103592 0.9286976
1311868172.963571 0.8138884 -0.0686518 0.1552475 -0.0793031 -0.2970683 -0.2170496 0.9264723
1311868173.899575 0.8376926 -0.1365802 0.2645348 -0.0683446 -0.3377702 -0.2352434 0.9087908
1311868174.531708 0.8944299 -0.1900659 0.3309512 -0.0396145 -0.4049071 -0.2728936 0.8717855
1311868174.731625 0.8956290 -0.2044154 0.3477072 -0.0399819 -0.4166591 -0.2645722 0.8687912
1311868174.999803 0.8877397 -0.2311094 0.3652481 -0.0180111 -0.4218013 -0.2538154 0.8702511
1311868175.231818 0.8656816 -0.2638687 0.3786984 0.0214726 -0.4269822 -0.2525367 0.8680152
1311868175.499770 0.8507140 -0.2879381 0.4028119 0.0458777 -0.4489016 -0.2148417 0.8661556
1311868175.699784 0.8451619 -0.3030506 0.4255145 0.0579320 -0.4635841 -0.2014915 0.8608919
1311868175.931644 0.8526059 -0.3233321 0.4530073 0.0707316 -0.4868459 -0.2004798 0.8472225
1311868176.431678 0.8962651 -0.3595203 0.5359156 0.0615395 -0.5328512 -0.2460456 0.8073067
1311868176.899837 0.9156830 -0.3770058 0.5982239 0.0349705 -0.5410885 -0.2562599 0.8002070
1311868177.099730 0.9108837 -0.3844316 0.6192883 0.0314371 -0.5387567 -0.2633904 0.7996114
1311868177.367900 0.8909904 -0.4014718 0.6518956 0.0323519 -0.5336605 -0.2743093 0.7993211
1311868177.632083 0.8811386 -0.4099091 0.6883175 0.0214610 -0.5307238 -0.2814138 0.7991733
1311868177.867810 0.8806530 -0.4136348 0.7165009 0.0136159 -0.5434157 -0.2919785 0.7869323
1311868178.400074 0.9226252 -0.4315816 0.7897992 0.0146816 -0.5926164 -0.3340144 0.7328196
1311868178.632030 0.9440659 -0.4348934 0.8045594 -0.0023277 -0.6093143 -0.3326501 0.7197740
1311868178.900038 0.9823316 -0.4319458 0.8043571 -0.0112507 -0.6153088 -0.3313662 0.7151678
1311868179.032182 1.0088500 -0.4312998 0.8013832 -0.0103911 -0.6129429 -0.3303406 0.7176825
1311868179.268108 1.0609272 -0.4262474 0.7963393 -0.0124160 -0.6083645 -0.3375537 0.7181895
1311868179.800056 1.1451826 -0.4279656 0.8145114 -0.0398111 -0.5842873 -0.3472248 0.7324332
1311868180.331912 1.2092979 -0.4527786 0.8729056 -0.0543415 -0.6111122 -0.3635761 0.7010003
1311868180.832010 1.2419678 -0.4674178 0.9187481 -0.0681313 -0.6216068 -0.3727963 0.6855553
1311868181.068183 1.2456180 -0.4785811 0.9356629 -0.0649773 -0.6168200 -0.3649250 0.6943635
1311868181.232080 1.2441590 -0.4818349 0.9452383 -0.0638859 -0.6128108 -0.3633148 0.6988447
1311868181.468024 1.2303516 -0.4852586 0.9543377 -0.0636927 -0.6065686 -0.3681858 0.7017528
1311868181.800057 1.1846273 -0.4935468 0.9718832 -0.0667193 -0.6047373 -0.3674654 0.7034277
1311868181.868146 1.1741664 -0.4963612 0.9736244 -0.0634125 -0.6039190 -0.3671086 0.7046218
1311868182.032194 1.1393716 -0.5040226 0.9767414 -0.0595023 -0.6015243 -0.3673618 0.7068759
1311868182.268066 1.0954889 -0.5118806 0.9860751 -0.0591269 -0.6021072 -0.3602824 0.7100475
1311868182.500921 1.0529946 -0.5200939 1.0009906 -0.0592524 -0.6013715 -0.3562784 0.7126761
1311868182.968092 0.9588195 -0.5650693 1.0391018 -0.0237039 -0.6581202 -0.3515421 0.6653827
1311868183.200276 0.9034052 -0.6004041 1.0599794 -0.0010349 -0.6830742 -0.3668503 0.6315295
1311868183.400232 0.8621955 -0.6184201 1.0711162 0.0136593 -0.7016306 -0.3823271 0.6011272
1311868183.636216 0.8217627 -0.6309665 1.0797826 -0.0244448 -0.7274542 -0.3777241 0.5723088
1311868183.836230 0.7835321 -0.6397208 1.0841811 -0.0299327 -0.7251790 -0.3785983 0.5743544
1311868184.036316 0.7392651 -0.6570469 1.0840652 -0.0211257 -0.7233818 -0.3810095 0.5754166
1311868184.436272 0.6734625 -0.6713804 1.0924482 -0.0148766 -0.7269955 -0.3650276 0.5813872
1311868184.600381 0.6463687 -0.6755975 1.1016593 -0.0128109 -0.7379382 -0.3563529 0.5729711
1311868184.968436 0.5760081 -0.7113340 1.1253862 0.0055861 -0.7761493 -0.3567632 0.5198856
1311868185.337903 0.5167029 -0.7282912 1.1400161 0.0190616 -0.7946406 -0.3531376 0.4934338
1311868185.500443 0.4927646 -0.7319666 1.1474998 0.0256281 -0.7938452 -0.3424129 0.5019027
1311868185.736700 0.4675189 -0.7365844 1.1512911 0.0440711 -0.7946035 -0.3235376 0.5118461
1311868186.000413 0.4413302 -0.7354183 1.1614730 0.0323577 -0.8038595 -0.3205004 0.5000424
1311868186.168524 0.4259247 -0.7367990 1.1742678 0.0322728 -0.8125768 -0.3320990 0.4778993
1311868186.336402 0.4145997 -0.7397767 1.1893985 0.0251991 -0.8272550 -0.3472855 0.4409160
1311868186.900515 0.4242108 -0.7430035 1.2388755 0.0001032 -0.8431985 -0.3758924 0.3843452
1311868187.101696 0.4474500 -0.7496789 1.2528234 -0.0031918 -0.8396205 -0.3773018 0.3907308
1311868187.336611 0.4806992 -0.7532640 1.2715964 -0.0088217 -0.8278238 -0.3975404 0.3957165
1311868187.900542 0.5034003 -0.7751583 1.3366847 -0.0087005 -0.8195697 -0.4095824 0.4005896
1311868188.136705 0.4963948 -0.7836208 1.3821472 -0.0123784 -0.8310767 -0.4157029 0.3692552
1311868188.236529 0.4892590 -0.7837335 1.4048419 -0.0180918 -0.8331091 -0.4239711 0.3547540
1311868188.368537 0.4810704 -0.7775370 1.4360963 -0.0102943 -0.8286926 -0.4438913 0.3407686
1311868188.601444 0.4870361 -0.7784082 1.4639132 -0.0312692 -0.8289612 -0.4556812 0.3228007
1311868188.836521 0.5142516 -0.7838674 1.4918294 -0.0418386 -0.8230296 -0.4672147 0.3202846
1311868189.068620 0.5538653 -0.7884187 1.5204483 -0.0755595 -0.8143203 -0.4795543 0.3181210
1311868189.302276 0.5939915 -0.7971930 1.5433943 -0.0656920 -0.8004710 -0.4945157 0.3322424
1311868189.536633 0.6218590 -0.8047241 1.5681214 -0.0640976 -0.7911435 -0.5057878 0.3378790
1311868190.636584 0.6100128 -0.8753181 1.7287165 -0.0659382 -0.7838786 -0.5031756 0.3577720
1311868191.236855 0.6001234 -0.8879483 1.7654525 -0.0716628 -0.7845881 -0.5034937 0.3546549
1311868191.436687 0.5970439 -0.8936424 1.7699885 -0.0674874 -0.7869969 -0.4999796 0.3551082
1311868191.604658 0.5918930 -0.8983839 1.7755275 -0.0622094 -0.7874724 -0.5002462 0.3546418
1311868191.804765 0.5815749 -0.9023893 1.7762201 -0.0640539 -0.7858112 -0.4995528 0.3589496
1311868192.204710 0.5547905 -0.8984326 1.7661330 -0.0637347 -0.7808552 -0.5012789 0.3673181
1311868192.540878 0.5247941 -0.8965586 1.7392592 -0.0573051 -0.7795138 -0.4962261 0.3779337
1311868194.140638 0.4312743 -0.9457076 1.6537458 -0.0282840 -0.8269591 -0.4830791 0.2863096
1311868194.669010 0.4121552 -0.9706095 1.6328344 -0.0236192 -0.8333825 -0.4699428 0.2899476
1311868195.038705 0.4020109 -0.9856403 1.6376793 -0.0326451 -0.8416720 -0.4570676 0.2856778
1311868195.340715 0.3912985 -0.9989946 1.6629876 -0.0247014 -0.8421577 -0.4518792 0.2931989
1311868195.669012 0.3832554 -1.0056474 1.7055991 -0.0210708 -0.8343191 -0.4589798 0.3046393
1311868195.936986 0.3820862 -1.0061977 1.7380317 -0.0166456 -0.8238713 -0.4642859 0.3246501
1311868196.208314 0.3994017 -1.0074735 1.7655623 -0.0312077 -0.8121932 -0.4747536 0.3376053
1311868196.507765 0.4285481 -1.0109138 1.7903470 -0.0516036 -0.7984356 -0.4771580 0.3635354
1311868196.769084 0.4394425 -1.0109811 1.8193071 -0.0721985 -0.7849203 -0.4819866 0.3825917
1311868197.005107 0.4365780 -1.0205672 1.8485568 -0.0701410 -0.7812958 -0.4813514 0.3910983
1311868197.237163 0.4252133 -1.0297946 1.8816097 -0.0636184 -0.7833478 -0.4943123 0.3714488
1311868197.569185 0.4006205 -1.0411620 1.9317355 -0.0598702 -0.7861406 -0.5152920 0.3359654
1311868197.805395 0.3850254 -1.0433838 1.9609740 -0.0653108 -0.7829347 -0.5258347 0.3259534
1311868198.005244 0.3732265 -1.0406556 1.9795547 -0.0764826 -0.7782887 -0.5307637 0.3266604
1311868198.205266 0.3616414 -1.0421855 1.9895089 -0.0761644 -0.7756688 -0.5314274 0.3318459
1311868198.637155 0.3208165 -1.0367895 1.9988781 -0.0753893 -0.7722226 -0.5359364 0.3328078
1311868198.805122 0.3037696 -1.0345825 1.9964905 -0.0770906 -0.7722704 -0.5420060 0.3223121
1311868199.205167 0.2648542 -1.0311273 1.9941463 -0.0725259 -0.7790665 -0.5438631 0.3033288
1311868199.405159 0.2490735 -1.0284015 1.9934497 -0.0758450 -0.7804759 -0.5439897 0.2986305
1311868199.805309 0.2180419 -1.0256896 1.9947720 -0.0796866 -0.7914565 -0.5478702 0.2590074
1311868200.005247 0.1950371 -1.0300366 2.0022011 -0.0709640 -0.7998275 -0.5488613 0.2323607
1311868200.205451 0.1681039 -1.0389030 2.0151219 -0.0612136 -0.8037768 -0.5539351 0.2082106
1311868200.573293 0.1232892 -1.0535421 2.0456333 -0.0571232 -0.8031572 -0.5664740 0.1754500
1311868200.973447 0.0910419 -1.0631744 2.0742495 -0.0635498 -0.8058072 -0.5652949 0.1645537
1311868201.173508 0.0796158 -1.0647954 2.0809135 -0.0656735 -0.8078625 -0.5627184 0.1624599
1311868201.405299 0.0652131 -1.0644774 2.0825026 -0.0674288 -0.8075496 -0.5628969 0.1626778
1311868202.305308 0.0068519 -1.0543851 2.0847623 -0.0530901 -0.7997440 -0.5834243 0.1311758
1311868202.473421 -0.0110686 -1.0538206 2.0859270 -0.0525061 -0.7985670 -0.5861568 0.1263097
1311868202.673740 -0.0357974 -1.0574754 2.0892210 -0.0441905 -0.7983987 -0.5870418 0.1264460
1311868202.873426 -0.0579951 -1.0627172 2.0876212 -0.0351248 -0.8048018 -0.5789242 0.1261239
1311868203.073357 -0.0703444 -1.0670526 2.0798404 -0.0320709 -0.8143461 -0.5683566 0.1130608
1311868203.273471 -0.0754448 -1.0720363 2.0622418 -0.0500508 -0.8219411 -0.5605101 0.0879557
1311868203.473498 -0.0804460 -1.0874996 2.0425296 -0.0358904 -0.8333879 -0.5469404 0.0709425
1311868204.005472 -0.1264343 -1.1155317 1.9805466 -0.0283600 -0.8290824 -0.5582672 0.0124781
1311868204.505479 -0.1835976 -1.1532191 1.9322490 0.0264018 0.8255757 0.5628392 0.0306562
1311868204.805687 -0.2114471 -1.1767768 1.9126960 0.0152852 0.8273078 0.5607352 0.0300697
1311868205.073567 -0.2361614 -1.1977971 1.8926632 0.0200109 0.8286353 0.5583206 0.0352329
1311868205.337790 -0.2508972 -1.2179332 1.8787330 0.0144192 0.8379083 0.5447794 0.0302859
1311868205.605542 -0.2583617 -1.2333120 1.8683168 0.0281230 0.8568753 0.5132077 0.0398966
1311868206.473742 -0.2692935 -1.2515270 1.8325076 0.0182190 0.8787349 0.4769455 0.0039919
1311868206.973664 -0.2825695 -1.2105489 1.8570158 -0.0005694 0.8680544 0.4954175 0.0322905
1311868207.237785 -0.3058334 -1.1953156 1.8747511 -0.0084205 0.8648237 0.4990478 0.0544106
1311868207.537787 -0.3453738 -1.1806163 1.8925217 0.0051033 0.8588673 0.5073400 0.0701942
1311868207.873905 -0.3786795 -1.1573644 1.9165370 0.0009278 0.8540314 0.5160145 0.0660200
1311868208.205778 -0.4028838 -1.1407074 1.9445349 -0.0134269 0.8484368 0.5254012 0.0626767
1311868208.505780 -0.4266915 -1.1265306 1.9729129 -0.0094865 0.8417823 0.5357401 0.0655360
1311868208.673890 -0.4460257 -1.1196100 1.9874055 -0.0026458 0.8396341 0.5388333 0.0683109
1311868208.937746 -0.4628236 -1.0985944 2.0008745 0.0023475 0.8278379 0.5570989 0.0657243
1311868209.373893 -0.4775186 -1.0527712 2.0069494 0.0027066 0.8157829 0.5753284 0.0590611
1311868210.341851 -0.5119132 -0.9821750 1.9829050 0.0058880 0.8170205 0.5711150 0.0791861
1311868211.306090 -0.5756343 -0.9655174 1.9699621 0.0001130 0.8114774 0.5699024 0.1292896
1311868211.906024 -0.6701396 -0.9592994 1.9774404 -0.0094343 0.8061975 0.5728170 0.1477744
1311868212.206126 -0.7067584 -0.9566132 1.9819539 -0.0115849 0.8037064 0.5773416 0.1435224
1311868212.806006 -0.7480716 -0.9521155 1.9684128 -0.0096120 0.8101875 0.5724837 0.1255640
1311868213.874145 -0.8025411 -0.9209688 1.8870244 -0.0166493 0.8119034 0.5594038 0.1661421
1311868214.374244 -0.8199963 -0.9136143 1.8629029 0.0011308 0.8130760 0.5509743 0.1879717
1311868214.606407 -0.8307116 -0.9098160 1.8522265 -0.0007034 0.8119894 0.5465234 0.2049023
1311868214.874290 -0.8463445 -0.9049218 1.8318901 -0.0057983 0.8097440 0.5343611 0.2423617
1311868215.174343 -0.8652682 -0.9012748 1.8087072 -0.0205555 0.8046767 0.5239315 0.2785116
1311868215.406376 -0.8719181 -0.9049106 1.7884989 -0.0292943 0.8008672 0.5195822 0.2962902
1311868217.042435 -0.8813972 -0.9756606 1.6356773 -0.0037855 0.8049434 0.4830922 0.3444903
1311868217.206576 -0.8800294 -0.9834054 1.6192987 -0.0052388 0.8086079 0.4821697 0.3371027
1311868217.706372 -0.8810221 -0.9883378 1.6132083 -0.0034663 0.8163117 0.4715320 0.3335877
1311868218.542375 -0.8769265 -0.9534732 1.6259590 0.0080542 0.8174958 0.4669678 0.3370118
1311868218.810331 -0.8928403 -0.9414957 1.6299320 0.0160421 0.8162533 0.4565308 0.3536281
1311868219.042799 -0.9117447 -0.9223734 1.6342176 -0.0046970 0.8148832 0.4536254 0.3607872
1311868219.510471 -0.9429110 -0.8518510 1.6646686 0.0135379 0.8022609 0.4638573 0.3755405
1311868219.774534 -0.9518262 -0.8187027 1.6764579 0.0249231 0.7867151 0.4762932 0.3919222
1311868220.042788 -0.9590485 -0.7988767 1.6951824 0.0356571 0.7794011 0.4759302 0.4058976
1311868220.310675 -0.9667835 -0.7743480 1.7170331 0.0323707 0.7647165 0.4895905 0.4176864
1311868220.910650 -1.0005692 -0.7367072 1.7472497 0.0090104 0.7390786 0.5150040 0.4341111
1311868221.342835 -1.0218112 -0.7276511 1.7536130 0.0010104 0.7384994 0.5123259 0.4383375
1311868221.610738 -1.0321463 -0.7280878 1.7576926 -0.0009043 0.7405876 0.5109533 0.4364126
1311868222.142853 -1.0485611 -0.7241899 1.7483420 0.0063931 0.7448970 0.5167603 0.4219555
1311868222.442701 -1.0588285 -0.7150987 1.7295895 0.0074918 0.7426276 0.5229994 0.4182343
1311868222.742784 -1.0688682 -0.7047117 1.7081645 -0.0018430 0.7323171 0.5198681 0.4398242
1311868223.043777 -1.0770177 -0.6945499 1.6878188 -0.0081218 0.7237452 0.5169295 0.4570676
1311868223.842828 -1.0987563 -0.6760982 1.6466532 0.0028225 0.7176903 0.5105946 0.4735038
1311868225.111236 -1.1917698 -0.6306190 1.5476716 -0.0014289 0.7026825 0.4857067 0.5199273
1311868225.410917 -1.2154351 -0.6229693 1.5344243 -0.0041369 0.6986269 0.4832006 0.5276555
1311868225.746296 -1.2363527 -0.6152009 1.5229100 -0.0006337 0.6904757 0.4821657 0.5392210
1311868226.043782 -1.2502335 -0.6064641 1.5100486 0.0000224 0.6835150 0.4799841 0.5499296
1311868226.310950 -1.2604398 -0.5992144 1.4980817 -0.0048302 0.6876124 0.4742993 0.5497327
1311868226.576612 -1.2668650 -0.5891502 1.4730260 0.0013371 0.6898232 0.4821248 0.5400906
1311868227.179137 -1.2635540 -0.5605880 1.3765928 -0.0000395 0.6860438 0.4673696 0.5575926
1311868227.411422 -1.2593392 -0.5496523 1.3480912 0.0126935 0.6810649 0.4661926 0.5644944
1311868227.644341 -1.2578902 -0.5408005 1.3252170 0.0171398 0.6715553 0.4604708 0.5802468
1311868227.946163 -1.2623219 -0.5299131 1.2979677 0.0115451 0.6508565 0.4436476 0.6159785
1311868228.279971 -1.2790669 -0.5136201 1.2588887 0.0076583 0.6260999 0.4266526 0.6526161
1311868228.545801 -1.2978383 -0.5010062 1.2301304 0.0044574 0.6167639 0.4180568 0.6669415
1311868228.779112 -1.3138150 -0.4920840 1.2049594 -0.0060943 0.6119608 0.4097592 0.6764350
1311868229.044504 -1.3241659 -0.4756601 1.1768708 -0.0051178 0.6102581 0.4116429 0.6768375
1311868229.281198 -1.3216965 -0.4758292 1.1565967 0.0024889 0.6177401 0.4085841 0.6719003
1311868229.512638 -1.2966161 -0.4788136 1.1336620 -0.0060815 0.5973804 0.4313117 0.6760695
1311868229.844489 -1.2500461 -0.4964543 1.0972016 -0.0118377 0.6002056 0.4336341 0.6719930
1311868230.083190 -1.2155015 -0.5110578 1.0754504 -0.0099008 0.5991898 0.4365113 0.6710674
1311868230.180570 -1.1985998 -0.5126682 1.0638657 -0.0107501 0.6030617 0.4375696 0.6668836
1311868230.512705 -1.1577604 -0.5327955 1.0282207 -0.0067469 0.5907489 0.4631939 0.6606222
1311868230.743239 -1.1306610 -0.5377082 0.9985712 0.0116285 0.6059113 0.4566910 0.6512831
1311868230.983928 -1.1122141 -0.5406334 0.9745595 -0.0079610 0.6090654 0.4435200 0.6574694
1311868231.412886 -1.0719604 -0.5533747 0.9280003 -0.0637305 0.6016628 0.4367523 0.6657236
1311868231.611182 -1.0469264 -0.5641778 0.9157089 -0.0666292 0.6007872 0.4364476 0.6664300
1311868231.782700 -1.0298533 -0.5792504 0.9104635 -0.0747465 0.6056737 0.4331196 0.6633096
1311868232.011255 -1.0038112 -0.6025363 0.9052813 -0.0811674 0.5993131 0.4400650 0.6637608
1311868232.482622 -0.9537413 -0.6414850 0.8986155 -0.0865278 0.5987638 0.4478599 0.6583436
1311868232.611461 -0.9413056 -0.6537315 0.8986124 -0.0862976 0.6050694 0.4484114 0.6522047
1311868232.911483 -0.9260405 -0.6749082 0.9010361 -0.0787006 0.6111693 0.4377081 0.6547441
1311868233.379449 -0.9309381 -0.6803338 0.9071454 -0.0546037 0.6047024 0.4255607 0.6710079
1311868233.611453 -0.9477123 -0.6586605 0.9018285 -0.0526058 0.6003921 0.4170264 0.6803316
1311868233.811509 -0.9675615 -0.6389480 0.8912265 -0.0522006 0.5935870 0.4113879 0.6897025
1311868234.043413 -0.9905320 -0.6150311 0.8689711 -0.0493347 0.5888964 0.4112011 0.6940323
1311868234.211483 -1.0115649 -0.6041718 0.8535354 -0.0492920 0.5916292 0.3945066 0.7013628
1311868234.411591 -1.0415560 -0.5896347 0.8418652 -0.0480547 0.5892057 0.3715955 0.7158521
1311868234.543567 -1.0610011 -0.5773124 0.8330615 -0.0490833 0.5854625 0.3648554 0.7222915
1311868234.743637 -1.0876538 -0.5565089 0.8211883 -0.0507814 0.5835443 0.3630402 0.7246373
1311868234.943562 -1.1137265 -0.5368949 0.8092543 -0.0505630 0.5802863 0.3622878 0.7276392
1311868235.179665 -1.1400158 -0.5095770 0.7957811 -0.0525169 0.5745806 0.3667636 0.7297833
1311868235.411537 -1.1575717 -0.4838085 0.7803204 -0.0432221 0.5751067 0.3720051 0.7273214
1311868235.643525 -1.1662751 -0.4562159 0.7673583 -0.0402951 0.5859079 0.3674171 0.7211747
1311868235.811896 -1.1726322 -0.4406461 0.7628516 -0.0401743 0.5905104 0.3635131 0.7194038
1311868236.043684 -1.1739359 -0.4155408 0.7507264 -0.0337496 0.5789574 0.3646646 0.7284840
1311868236.243642 -1.1727793 -0.3960920 0.7380962 -0.0287329 0.5632161 0.3656985 0.7404233
1311868236.511583 -1.1672854 -0.3655169 0.7225337 -0.0382559 0.5546294 0.3578857 0.7502270
1311868236.779605 -1.1633642 -0.3389785 0.7131807 -0.0182899 0.5428979 0.3498629 0.7632321
1311868237.047783 -1.1678460 -0.3122588 0.7048187 -0.0098913 0.5280792 0.3520849 0.7727036
1311868237.279719 -1.1693358 -0.2854259 0.6889458 0.0042934 0.5146636 0.3488117 0.7832198
1311868237.511663 -1.1744603 -0.2586193 0.6570693 0.0004473 0.5022943 0.3381806 0.7958229
1311868237.711933 -1.1804304 -0.2384906 0.6275094 -0.0178761 0.4944668 0.3150356 0.8098986
1311868237.979641 -1.1888114 -0.2087127 0.5887543 -0.0157755 0.4703380 0.3116691 0.8254670
1311868238.211730 -1.1939996 -0.1832149 0.5640702 -0.0190559 0.4569215 0.3134983 0.8322130
1311868238.411808 -1.1897466 -0.1683495 0.5470094 -0.0199468 0.4549419 0.3128751 0.8335102
1311868238.547647 -1.1862726 -0.1608773 0.5388232 -0.0149063 0.4509778 0.3147162 0.8350752
1311868238.811727 -1.1715400 -0.1432753 0.5211281 -0.0267222 0.4537462 0.3233981 0.8299482
1311868239.079767 -1.1471390 -0.1262501 0.5047727 -0.0259735 0.4457376 0.3250600 0.8336542
1311868239.147701 -1.1433237 -0.1220801 0.5014981 -0.0273647 0.4465837 0.3126672 0.8378863
1311868239.947914 -1.1081876 -0.0739443 0.4624271 -0.0266891 0.3744757 0.2961790 0.8782560
1311868240.347732 -1.0990784 -0.0370933 0.4015709 -0.0431531 0.3526201 0.2705359 0.8947666
1311868240.579717 -1.1035969 -0.0135267 0.3755715 -0.0572263 0.3490009 0.2500921 0.9013199
1311868240.848064 -1.1081735 0.0035612 0.3552846 -0.0543775 0.3421788 0.2603293 0.9012133
1311868241.047933 -1.0968564 -0.0018421 0.3455890 -0.0720014 0.3437344 0.2732263 0.8955500
1311868241.247832 -1.0787776 -0.0202585 0.3359125 -0.0707238 0.3477061 0.2682523 0.8956224
1311868241.479924 -1.0484207 -0.0500317 0.3289664 -0.0668189 0.3453512 0.2793697 0.8934318
1311868241.679969 -1.0261903 -0.0706882 0.3237525 -0.0587987 0.3433374 0.2880155 0.8920254
1311868241.911969 -0.9934500 -0.0904587 0.3074616 -0.0598891 0.3332467 0.2649070 0.9028755
1311868242.180028 -0.9722661 -0.1060741 0.2813385 -0.0634298 0.3099805 0.2407151 0.9175756
1311868242.412008 -0.9595382 -0.1112672 0.2630218 -0.0599951 0.2891908 0.2307714 0.9270997
1311868242.648160 -0.9480843 -0.1088121 0.2487141 -0.0540423 0.2676610 0.2190440 0.9367266
1311868242.879888 -0.9348074 -0.1008752 0.2454535 -0.0439348 0.2777207 0.2106132 0.9362602
1311868243.148081 -0.9210888 -0.0924655 0.2339902 -0.0352170 0.2833625 0.2228317 0.9321007
1311868243.979984 -0.8667428 -0.0427441 0.1480860 -0.0587992 0.2175673 0.1627464 0.9605836
1311868244.212047 -0.8514022 -0.0199560 0.1285203 -0.0489555 0.1968213 0.1459478 0.9682789
1311868244.412124 -0.8448135 0.0076466 0.1142188 -0.0558890 0.1785435 0.1353778 0.9729705
1311868244.648157 -0.8340715 0.0289033 0.0965044 -0.0549126 0.1824908 0.1341704 0.9724608
1311868244.880436 -0.8136865 0.0515141 0.0898847 -0.0602621 0.1924314 0.1482957 0.9681669
1311868245.012295 -0.8015873 0.0616365 0.0878482 -0.0703106 0.1969027 0.1431583 0.9673632
1311868245.248256 -0.7762033 0.0769538 0.0852564 -0.0662223 0.2029489 0.1375889 0.9672103
1311868245.380074 -0.7561758 0.0798042 0.0862720 -0.0592564 0.1859156 0.1324837 0.9717881
1311868245.780177 -0.7056801 0.1063804 0.0668688 -0.0493842 0.1659917 0.1489843 0.9735562
1311868246.848370 -0.6401532 0.1974854 -0.0422091 -0.0959572 0.1350146 0.1292742 0.9776766
1311868247.016214 -0.6321114 0.2021778 -0.0546597 -0.0957684 0.1426114 0.1336421 0.9760278
1311868247.248170 -0.6170622 0.2013767 -0.0559504 -0.0943305 0.1466261 0.1397012 0.9747236
1311868247.548460 -0.5864530 0.1831444 -0.0467440 -0.0949957 0.1453424 0.1319747 0.9759273
1311868247.780427 -0.5512000 0.1604285 -0.0333490 -0.0890065 0.1345717 0.1336350 0.9778088
1311868247.880235 -0.5400410 0.1496864 -0.0260084 -0.0893789 0.1390294 0.1250375 0.9782882
1311868248.048245 -0.5156500 0.1338390 -0.0124232 -0.0861034 0.1356560 0.1264053 0.9788797
1311868248.280257 -0.4878320 0.1137844 0.0004283 -0.0876934 0.1164114 0.1259582 0.9812710
1311868248.548298 -0.4479728 0.0966588 0.0134650 -0.0981213 0.0966722 0.1125353 0.9840541
1311868248.780288 -0.4073909 0.0752111 0.0198151 -0.1126510 0.0844757 0.0770601 0.9870336
1311868249.016517 -0.3679211 0.0565926 0.0267209 -0.1226397 0.0764088 0.0782767 0.9864046
1311868250.148589 -0.2799419 -0.0530399 0.1068384 -0.1004004 0.1032432 0.0698660 0.9871066
1311868250.380598 -0.2729626 -0.0808060 0.1278627 -0.0943422 0.0932662 0.0762185 0.9882265
1311868250.616408 -0.2708437 -0.1041975 0.1427714 -0.0910035 0.0825193 0.0776822 0.9893808
1311868251.280411 -0.2641851 -0.1224342 0.1474894 -0.0705700 0.0808396 0.0519465 0.9928678
1311868251.516467 -0.2523671 -0.1056025 0.1392404 -0.0737720 0.0800473 0.0514974 0.9927226
1311868251.716509 -0.2340041 -0.0926452 0.1248399 -0.0719404 0.0742785 0.0526980 0.9932423
1311868251.948786 -0.2056129 -0.0773961 0.1034814 -0.0758677 0.0704326 0.0437014 0.9936667
1311868252.180550 -0.1725412 -0.0657281 0.0792779 -0.0727123 0.0620677 0.0305281 0.9949515
1311868252.416673 -0.1393151 -0.0483910 0.0518964 -0.0735335 0.0572678 0.0011630 0.9956465
1311868252.816693 -0.0807503 -0.0118588 0.0181327 -0.0936112 0.0398000 0.0105614 0.9947569
1311868255.948865 0.3349124 0.0656533 0.0067238 -0.1461143 -0.0837281 -0.0319596 0.9851999
1311868256.484903 0.4094859 0.0318848 0.0427770 -0.1350513 -0.1000723 -0.0564748 0.9841531
1311868256.984945 0.4708983 -0.0015823 0.0745968 -0.1207523 -0.1294949 -0.0712051 0.9816210
1311868257.216830 0.4976871 -0.0201300 0.0866658 -0.1172197 -0.1526282 -0.0918391 0.9770004
1311868257.785459 0.5616689 -0.0734201 0.1108508 -0.1209927 -0.2014349 -0.1393483 0.9619599
1311868258.317231 0.5736056 -0.1369321 0.1499578 -0.1448112 -0.2382446 -0.1757809 0.9441241
1311868258.685108 0.5629100 -0.1944209 0.1900421 -0.1336678 -0.2385013 -0.1800376 0.9449003
1311868259.248996 0.5706277 -0.2582969 0.2555015 -0.1112654 -0.2791198 -0.1970742 0.9332063
1311868259.984972 0.6238354 -0.2925774 0.3187969 -0.0840838 -0.3018641 -0.2260253 0.9223452
1311868260.449188 0.6196039 -0.2781634 0.3177459 -0.1010462 -0.3077096 -0.2191487 0.9203686
1311868261.719495 0.5853091 -0.2624589 0.3024876 -0.1054718 -0.3240666 -0.2307292 0.9113839
1311868262.785224 0.5845950 -0.2640384 0.3025252 -0.1080830 -0.3223671 -0.2290345 0.9121078
1311868263.185529 0.5850761 -0.2641009 0.3029376 -0.1109207 -0.3229122 -0.2289016 0.9116076
