1341847980.722988 0.0000000 0.0000000 0.0000000 -0.0000000 -0.0000000 -0.0000000 1.0000000
1341847981.558722 -0.0185302 0.0055193 -0.0054339 0.0054506 0.0059667 0.0056630 0.9999514
1341847981.794659 -0.0334681 0.0112020 -0.0105979 0.0048092 0.0108715 0.0058061 0.9999125
1341847982.094786 -0.0523062 0.0132009 -0.0123041 0.0021467 0.0098581 0.0007697 0.9999489
1341847982.898700 -0.1070795 0.0076855 -0.0080385 0.0085302 0.0490777 0.0202494 0.9985533
1341847983.066707 -0.1266403 0.0101918 -0.0077936 0.0036661 0.0491954 0.0225498 0.9985279
1341847983.302701 -0.1539464 0.0063916 -0.0076525 -0.0026076 0.0496885 0.0258643 0.9984264
1341847984.038718 -0.2694334 0.0085071 -0.0159662 0.0106476 0.0769960 0.0343803 0.9963816
1341847984.106759 -0.2796985 0.0126826 -0.0147913 0.0052963 0.0821067 0.0322941 0.9960861
1341847984.306662 -0.3130273 0.0182322 -0.0062330 -0.0062101 0.0855003 0.0299377 0.9958689
1341847984.406718 -0.3269253 0.0184826 0.0015694 -0.0118603 0.0822064 0.0333993 0.9959849
1341847984.506747 -0.3386908 0.0168188 0.0136896 -0.0140912 0.0835308 0.0331933 0.9958525
1341847984.710651 -0.3624291 0.0085473 0.0411968 -0.0112544 0.0885159 0.0360251 0.9953595
1341847984.743352 -0.3654062 0.0072847 0.0459864 -0.0081019 0.0878399 0.0357458 0.9954601
1341847986.525772 -0.4641645 -0.1198548 0.2870947 0.0154219 0.2123862 0.1071817 0.9711676
1341847986.829823 -0.4695097 -0.1404670 0.3310833 0.0083334 0.2305983 0.1284783 0.9644938
1341847986.954690 -0.4718064 -0.1475400 0.3494670 0.0026206 0.2342905 0.1386289 0.9622282
1341847988.201710 -0.5301037 -0.1726641 0.5026906 0.0354974 0.3290628 0.1579937 0.9303202
1341847988.265702 -0.5306990 -0.1769808 0.5110951 0.0305336 0.3306031 0.1600148 0.9296045
1341847988.433996 -0.5357496 -0.1752769 0.5255801 0.0307733 0.3322055 0.1738761 0.9265310
1341847988.637768 -0.5448965 -0.1755710 0.5361114 0.0245249 0.3394432 0.1771765 0.9234638
1341847988.873917 -0.5604083 -0.1812086 0.5457634 0.0178296 0.3499157 0.1863358 0.9178889
1341847989.034678 -0.5776621 -0.1836980 0.5497836 0.0154484 0.3562748 0.1968160 0.9132869
1341847990.039001 -0.6963734 -0.2324013 0.5669879 0.0090839 0.3769253 0.1713659 0.9102080
1341847990.238920 -0.7275598 -0.2382987 0.5671327 0.0153480 0.3749605 0.1750698 0.9102306
1341847990.674787 -0.7796827 -0.2462678 0.5770301 0.0107161 0.3782029 0.1873971 0.9064933
1341847990.910825 -0.8010262 -0.2523922 0.5847951 0.0117491 0.3864950 0.2014563 0.8999438
1341847991.111319 -0.8154725 -0.2602351 0.5950052 0.0121704 0.3992946 0.2063720 0.8932112
1341847991.346722 -0.8383192 -0.2677570 0.6104430 0.0217938 0.4101588 0.2148694 0.8860734
1341847991.614853 -0.8548632 -0.2802578 0.6295030 0.0149614 0.4222778 0.2412412 0.8736477
1341847991.882784 -0.8653139 -0.2950545 0.6393728 0.0151738 0.4531773 0.2536864 0.8544257
1341847992.050647 -0.8749393 -0.3044591 0.6487578 0.0130717 0.4663628 0.2533896 0.8474247
1341847992.318683 -0.8947092 -0.3191866 0.6709717 0.0125822 0.4864000 0.2564442 0.8351605
1341847992.654692 -0.9304790 -0.3367813 0.6975455 0.0164068 0.5057797 0.2752939 0.8173928
1341847992.886610 -0.9509097 -0.3481547 0.7175928 0.0116274 0.5151453 0.2777832 0.8107569
1341847993.086751 -0.9608485 -0.3569384 0.7351642 0.0088492 0.5223520 0.2819063 0.8047353
1341847993.322794 -0.9690173 -0.3700126 0.7578985 0.0129060 0.5349352 0.2875113 0.7943645
1341847993.522707 -0.9767947 -0.3807322 0.7809950 0.0165465 0.5481514 0.2949958 0.7824537
1341847993.727062 -0.9804686 -0.3929789 0.8066114 0.0030804 0.5501804 0.3083683 0.7760161
1341847993.933661 -0.9845670 -0.4061464 0.8283891 -0.0042380 0.5600497 0.3084108 0.7689013
1341847994.101772 -0.9866077 -0.4188588 0.8414227 -0.0062709 0.5709387 0.3071432 0.7613493
1341847994.501736 -1.0066634 -0.4506064 0.8807673 0.0176887 0.5953614 0.3137573 0.7394513
1341847994.637836 -1.0148304 -0.4598756 0.8985892 0.0194079 0.6013514 0.3213113 0.7312722
1341847994.798790 -1.0252055 -0.4693096 0.9187736 0.0157665 0.6108790 0.3251863 0.7216870
1341847994.998679 -1.0291457 -0.4804996 0.9418693 0.0043690 0.6187066 0.3388519 0.7087754
1341847995.366701 -1.0343441 -0.4999654 0.9737009 0.0106285 0.6450827 0.3486119 0.6798714
1341847995.566681 -1.0357943 -0.5111539 0.9954855 0.0163182 0.6495577 0.3549971 0.6721501
1341847995.838779 -1.0281993 -0.5198997 1.0193098 0.0121719 0.6512917 0.3726044 0.6609364
1341847996.206643 -1.0292691 -0.5322905 1.0350704 0.0128270 0.6732310 0.3695827 0.6403156
1341847996.674774 -1.0368309 -0.5448565 1.0661551 0.0148270 0.6924241 0.3837221 0.6108080
1341847996.942686 -1.0406533 -0.5563924 1.0934124 0.0095225 0.7044146 0.3939469 0.5903518
1341847997.142993 -1.0462937 -0.5700370 1.1183273 0.0138137 0.7079291 0.3908467 0.5881194
1341847997.546599 -1.0434673 -0.5956601 1.1583176 0.0099217 0.7238461 0.3854253 0.5721850
1341847997.746602 -1.0333796 -0.6110885 1.1801438 0.0110483 0.7365472 0.3774025 0.5611982
1341847998.014866 -1.0170320 -0.6320076 1.2124250 0.0230847 0.7434427 0.3852589 0.5462010
1341847998.253760 -1.0047772 -0.6479082 1.2390442 0.0217529 0.7395237 0.3897166 0.5484090
1341847998.484037 -0.9940252 -0.6638718 1.2680604 0.0115149 0.7342578 0.3858134 0.5584630
1341847998.686862 -0.9849136 -0.6751976 1.2956769 -0.0015965 0.7329736 0.3846467 0.5610651
1341847998.918666 -0.9812135 -0.6905068 1.3327888 -0.0014102 0.7353832 0.3901727 0.5540532
1341847999.154891 -0.9737698 -0.6987563 1.3634531 -0.0068639 0.7330550 0.4017374 0.5488082
1341847999.354861 -0.9632223 -0.7089304 1.3811097 0.0066623 0.7466065 0.4042949 0.5282803
1341847999.558926 -0.9523249 -0.7180298 1.3973501 0.0194046 0.7650912 0.4091715 0.4968276
1341847999.791003 -0.9298426 -0.7230690 1.4112175 0.0258629 0.7812835 0.4134145 0.4669214
1341847999.990848 -0.9095420 -0.7234728 1.4207866 0.0314944 0.7880774 0.4357302 0.4336836
1341848000.194808 -0.8876066 -0.7208644 1.4257162 0.0215649 0.7925692 0.4545832 0.4058610
1341848000.394654 -0.8682261 -0.7175624 1.4282129 0.0176864 0.7938309 0.4687912 0.3869812
1341848000.594838 -0.8469548 -0.7144267 1.4296412 0.0165330 0.7995980 0.4714721 0.3715961
1341848000.798741 -0.8234690 -0.7169931 1.4316592 0.0235535 0.8109085 0.4696957 0.3482222
1341848000.963197 -0.8034955 -0.7201613 1.4354479 0.0317710 0.8168950 0.4704597 0.3321761
1341848001.205951 -0.7728062 -0.7219788 1.4420679 0.0357180 0.8233623 0.4715583 0.3137382
1341848001.399276 -0.7483925 -0.7171579 1.4450660 0.0195024 0.8346326 0.4682916 0.2893287
1341848001.602899 -0.7257103 -0.7103091 1.4410383 0.0094464 0.8474422 0.4693105 0.2479922
1341848001.770725 -0.7067531 -0.7029118 1.4346572 0.0108915 0.8563051 0.4667384 0.2208580
1341848001.870724 -0.6962085 -0.7012752 1.4314883 0.0111833 0.8591982 0.4688553 0.2045190
1341848002.038858 -0.6790953 -0.6996312 1.4257090 0.0172629 0.8609357 0.4745572 0.1824477
1341848002.238731 -0.6572199 -0.6946130 1.4165921 0.0206136 0.8635638 0.4777061 0.1600921
1341848002.438766 -0.6379523 -0.6863291 1.4109299 0.0126931 0.8636996 0.4849353 0.1367472
1341848002.606780 -0.6231723 -0.6767715 1.4085232 0.0072513 0.8613191 0.4929507 0.1227859
1341848002.842833 -0.6001719 -0.6633382 1.4072757 0.0024268 0.8576743 0.5011203 0.1151838
1341848002.943323 -0.5887148 -0.6606411 1.4079692 0.0049037 0.8591806 0.4972385 0.1205762
1341848003.042638 -0.5789750 -0.6586537 1.4063807 0.0045872 0.8602953 0.4931327 0.1291945
1341848003.142626 -0.5677939 -0.6564066 1.4054309 -0.0006019 0.8605040 0.4914675 0.1341352
1341848003.242926 -0.5586778 -0.6546103 1.4062781 -0.0092901 0.8620035 0.4886734 0.1343951
1341848003.410779 -0.5395655 -0.6494277 1.4071001 -0.0228437 0.8637278 0.4815601 0.1468071
1341848003.578749 -0.5206032 -0.6430991 1.4069906 -0.0231012 0.8601660 0.4786189 0.1746561
1341848003.753761 -0.5037650 -0.6384841 1.4038588 -0.0299338 0.8570333 0.4720305 0.2044143
1341848003.921688 -0.4887358 -0.6318521 1.3970804 -0.0321412 0.8522407 0.4708508 0.2257258
1341848004.089723 -0.4728642 -0.6218413 1.3875648 -0.0305751 0.8474049 0.4724427 0.2403498
1341848004.257760 -0.4571797 -0.6108927 1.3786658 -0.0308424 0.8416703 0.4708989 0.2624770
1341848004.421857 -0.4403481 -0.6011510 1.3739790 -0.0396298 0.8318242 0.4700455 0.2924984
1341848004.489793 -0.4339174 -0.5971544 1.3733302 -0.0446761 0.8276489 0.4700005 0.3034812
1341848004.657882 -0.4204562 -0.5887512 1.3745419 -0.0525660 0.8167611 0.4750164 0.3232609
1341848004.825782 -0.4094478 -0.5821350 1.3727591 -0.0584790 0.8044654 0.4830858 0.3406520
1341848005.193749 -0.3964859 -0.5748733 1.3760604 -0.0602332 0.7881840 0.4829615 0.3766777
1341848005.729741 -0.3746196 -0.5741543 1.3854136 -0.0640749 0.7657865 0.4727014 0.4312989
1341848005.997804 -0.3632755 -0.5788438 1.3912290 -0.0604362 0.7574311 0.4630000 0.4563733
1341848006.701798 -0.3347700 -0.5893638 1.4122077 -0.0353276 0.7440251 0.4340472 0.5067363
1341848006.901756 -0.3259234 -0.5986615 1.4218614 -0.0255513 0.7475472 0.4336854 0.5024315
1341848007.331423 -0.3139412 -0.6240734 1.4503794 -0.0103853 0.7662413 0.4480997 0.4604055
1341848007.566719 -0.3064774 -0.6404611 1.4690928 -0.0079520 0.7731938 0.4453288 0.4514314
1341848007.766913 -0.2963369 -0.6523283 1.4791111 -0.0023015 0.7815565 0.4554659 0.4262805
1341848008.438870 -0.2472951 -0.6815953 1.5199282 0.0053120 0.8027610 0.4950266 0.3324081
1341848008.674639 -0.2311339 -0.6936643 1.5304821 0.0164333 0.8071958 0.5056183 0.3041626
1341848008.906680 -0.2158772 -0.7027706 1.5392413 0.0134815 0.8145449 0.5068393 0.2818665
1341848009.142732 -0.2008944 -0.7066526 1.5494943 0.0062721 0.8218739 0.5078095 0.2580958
1341848009.410753 -0.1820093 -0.7073621 1.5609814 0.0075684 0.8272781 0.5239552 0.2025455
1341848009.646873 -0.1601617 -0.7064694 1.5664535 0.0016913 0.8291408 0.5267968 0.1871040
1341848009.878688 -0.1360916 -0.7011408 1.5695162 0.0007785 0.8322094 0.5211761 0.1892151
1341848010.114748 -0.1153611 -0.6908130 1.5626447 -0.0008278 0.8320364 0.5218117 0.1882212
1341848010.382819 -0.0922292 -0.6770870 1.5369132 0.0016007 0.8294671 0.5323042 0.1692162
1341848010.650956 -0.0792850 -0.6677579 1.5099057 0.0028550 0.8257118 0.5449892 0.1455290
1341848010.850765 -0.0770684 -0.6638547 1.4969811 0.0051113 0.8288517 0.5448312 0.1270341
1341848011.086749 -0.0727974 -0.6595975 1.4866328 0.0081885 0.8315899 0.5447350 0.1079581
1341848011.522854 -0.0614522 -0.6517686 1.4751559 0.0077232 0.8353528 0.5464430 0.0593818
1341848011.722610 -0.0601126 -0.6450911 1.4692795 0.0074129 0.8337982 0.5505163 0.0407113
1341848011.958828 -0.0599150 -0.6349525 1.4560397 0.0124714 0.8287878 0.5592184 0.0151676
1341848012.090822 -0.0611993 -0.6274462 1.4486567 0.0060027 0.8267508 0.5624357 0.0106408
1341848012.562690 -0.0578930 -0.5940473 1.4082648 -0.0216099 0.8133550 0.5801731 0.0372280
1341848012.794727 -0.0497905 -0.5812132 1.3966422 -0.0410640 0.8116205 0.5787860 0.0677700
1341848012.994842 -0.0472941 -0.5728823 1.3894368 -0.0617181 0.8124438 0.5693086 0.1096069
1341848013.198719 -0.0425715 -0.5662642 1.3882586 -0.0615615 0.8085328 0.5659602 0.1489093
1341848013.398748 -0.0360211 -0.5610044 1.3938431 -0.0667299 0.8015728 0.5641047 0.1865852
1341848013.634812 -0.0238998 -0.5611899 1.3968925 -0.0796735 0.7850930 0.5648586 0.2412799
1341848013.666669 -0.0213941 -0.5617918 1.3958486 -0.0805583 0.7828869 0.5640111 0.2499802
1341848013.734623 -0.0185423 -0.5621637 1.3973496 -0.0838475 0.7838629 0.5548680 0.2658008
1341848013.834802 -0.0146208 -0.5613784 1.4008114 -0.0831224 0.7830892 0.5466605 0.2846478
1341848014.034942 -0.0046613 -0.5586463 1.4049613 -0.0874896 0.7754070 0.5364444 0.3214295
1341848014.270714 0.0141623 -0.5548972 1.4100606 -0.1051493 0.7575393 0.5255109 0.3727148
1341848014.506633 0.0381316 -0.5545558 1.4219881 -0.1134115 0.7402433 0.5027924 0.4317146
1341848014.774750 0.0620198 -0.5588182 1.4346163 -0.1063183 0.7262832 0.4703497 0.4898779
1341848015.006657 0.0739080 -0.5580378 1.4397593 -0.0860107 0.7019157 0.4637864 0.5336840
1341848015.207238 0.0865670 -0.5514427 1.4430676 -0.1136186 0.6747270 0.4648388 0.5619245
1341848015.442783 0.0983901 -0.5464895 1.4447892 -0.1108888 0.6379101 0.4549815 0.6113643
1341848015.617769 0.1029685 -0.5436276 1.4447786 -0.1077071 0.6053649 0.4371890 0.6563522
1341848015.749815 0.1058834 -0.5438190 1.4458455 -0.1055486 0.5838746 0.4197387 0.6868547
1341848016.053936 0.1083437 -0.5484237 1.4474837 -0.0936915 0.5535753 0.3725916 0.7388855
1341848016.521813 0.1026534 -0.5566645 1.4520091 -0.0832811 0.5587717 0.3762402 0.7343581
1341848016.689891 0.0969181 -0.5621640 1.4572203 -0.0646768 0.5611839 0.3834455 0.7306566
1341848016.850754 0.0919055 -0.5686623 1.4660598 -0.0627455 0.5632310 0.3816350 0.7301976
1341848016.950706 0.0864667 -0.5733713 1.4719938 -0.0623754 0.5631039 0.3840063 0.7290833
1341848017.018678 0.0827193 -0.5768135 1.4762880 -0.0645030 0.5662482 0.3850048 0.7259295
1341848017.118641 0.0784067 -0.5827186 1.4815422 -0.0672806 0.5729505 0.3891348 0.7181749
1341848017.186855 0.0729166 -0.5856225 1.4836410 -0.0639749 0.5796337 0.3921521 0.7114414
1341848017.318695 0.0660192 -0.5914520 1.4922993 -0.0511688 0.6015646 0.3923390 0.6939539
1341848017.486699 0.0498176 -0.6018775 1.4926395 -0.0359503 0.6167061 0.3975287 0.6784925
1341848017.686820 0.0393821 -0.6104040 1.4964598 -0.0280633 0.6360709 0.3965419 0.6613477
1341848017.922823 0.0238132 -0.6193062 1.5015366 -0.0098045 0.6515585 0.3947418 0.6477302
1341848018.190824 0.0173610 -0.6264958 1.5101330 -0.0122646 0.6658339 0.4035282 0.6274391
1341848018.333905 0.0168822 -0.6316128 1.5176208 -0.0126659 0.6739401 0.4114141 0.6135005
1341848018.601739 0.0158758 -0.6445023 1.5414295 -0.0054036 0.6929451 0.4273683 0.5806499
1341848018.869787 0.0149660 -0.6645657 1.5699158 -0.0093897 0.7099595 0.4311443 0.5567620
1341848019.231114 0.0110047 -0.6913075 1.5999016 -0.0084577 0.7279876 0.4380130 0.5273585
1341848019.330680 0.0095704 -0.6981098 1.6107494 -0.0114576 0.7356840 0.4411969 0.5137929
1341848019.666875 0.0043693 -0.7266215 1.6587257 -0.0100183 0.7609575 0.4443307 0.4726664
1341848020.002811 0.0074151 -0.7438791 1.6893127 -0.0041928 0.7776210 0.4557624 0.4330920
1341848020.438816 0.0251479 -0.7632871 1.7212139 -0.0038133 0.8101144 0.4594449 0.3641574
1341848020.602764 0.0349531 -0.7723540 1.7362630 0.0056718 0.8237291 0.4593585 0.3323072
1341848020.938790 0.0602462 -0.7865108 1.7576649 0.0108386 0.8291659 0.4759348 0.2930062
1341848021.242671 0.0855595 -0.7957156 1.7731013 0.0074930 0.8396956 0.4776152 0.2583388
1341848021.617752 0.1254116 -0.8149323 1.7981551 0.0176246 0.8654935 0.4623507 0.1919435
1341848021.978747 0.1712422 -0.8237612 1.8108557 0.0041633 0.8743305 0.4624904 0.1470765
1341848022.314757 0.2167270 -0.8259137 1.8057412 0.0060338 0.8858933 0.4537920 0.0960705
1341848022.621801 0.2513642 -0.8324222 1.7899499 0.0136153 0.8952231 0.4428475 0.0477107
1341848022.982728 0.2868347 -0.8293359 1.7725581 0.0049739 -0.8894281 -0.4562780 0.0265196
1341848023.318763 0.3317224 -0.8134383 1.7580341 0.0074868 -0.8717421 -0.4767749 0.1126734
1341848023.454710 0.3472146 -0.8041251 1.7522914 0.0117296 -0.8635364 -0.4853757 0.1363000
1341848023.786854 0.3727267 -0.7893586 1.7272561 0.0141858 -0.8576913 -0.4801615 0.1833282
1341848024.158762 0.3920966 -0.7701609 1.6862143 -0.0038271 -0.8477514 -0.4728601 0.2402211
1341848024.426783 0.3998659 -0.7588984 1.6639491 -0.0047525 -0.8355495 -0.4768891 0.2727841
1341848024.694820 0.4133015 -0.7424604 1.6452892 -0.0018892 -0.8213866 -0.4823944 0.3043291
1341848024.962678 0.4385769 -0.7267359 1.6274909 -0.0101696 -0.8119774 -0.4764471 0.3370275
1341848025.230646 0.4672652 -0.7136512 1.6145283 -0.0173932 -0.7999450 -0.4748956 0.3664148
1341848025.498683 0.4893571 -0.7043866 1.5996985 -0.0147179 -0.7923916 -0.4725587 0.3854700
1341848025.766716 0.5044560 -0.6933179 1.5851990 -0.0115389 -0.7820150 -0.4729730 0.4057288
1341848026.034640 0.5184429 -0.6813691 1.5703387 -0.0229871 -0.7733154 -0.4670897 0.4281146
1341848026.302861 0.5348970 -0.6668937 1.5553588 -0.0426292 -0.7600540 -0.4622888 0.4547415
1341848026.570847 0.5492793 -0.6557059 1.5397091 -0.0458351 -0.7532014 -0.4514148 0.4762475
1341848026.838668 0.5697708 -0.6446325 1.5233485 -0.0412783 -0.7491255 -0.4505753 0.4838276
1341848027.074785 0.5975010 -0.6337277 1.5109756 -0.0379369 -0.7467823 -0.4532503 0.4852228
1341848027.306705 0.6273973 -0.6275306 1.5010498 -0.0386634 -0.7444962 -0.4435222 0.4975125
1341848027.474800 0.6494668 -0.6242304 1.4934109 -0.0374651 -0.7511340 -0.4327183 0.4971408
1341848027.642684 0.6688607 -0.6204486 1.4846320 -0.0333470 -0.7594991 -0.4275711 0.4891136
1341848027.842836 0.6852969 -0.6133752 1.4738196 -0.0298597 -0.7632729 -0.4299790 0.4812909
1341848028.046706 0.6967005 -0.6047459 1.4584839 -0.0219242 -0.7671903 -0.4348355 0.4710165
1341848028.254235 0.7051816 -0.5981907 1.4396334 -0.0238764 -0.7708659 -0.4287866 0.4704654
1341848028.414628 0.7103834 -0.5909317 1.4232929 -0.0251643 -0.7707423 -0.4221435 0.4765689
1341848028.582747 0.7198517 -0.5831419 1.4070139 -0.0282890 -0.7701825 -0.4173522 0.4814935
1341848028.782861 0.7323163 -0.5729029 1.3852801 -0.0319089 -0.7694799 -0.4170822 0.4826231
1341848029.218708 0.7536066 -0.5543354 1.3476942 -0.0304507 -0.7631779 -0.4258420 0.4850680
1341848029.418757 0.7663734 -0.5459431 1.3340116 -0.0254484 -0.7569528 -0.4264710 0.4944667
1341848029.618715 0.7846031 -0.5390071 1.3211889 -0.0267339 -0.7520952 -0.4169294 0.5097136
1341848029.754791 0.7972715 -0.5334206 1.3122425 -0.0284454 -0.7454010 -0.4124175 0.5229531
1341848030.154918 0.8333274 -0.5174117 1.2916408 -0.0332113 -0.7255810 -0.4053453 0.5550896
1341848030.322775 0.8425367 -0.5115038 1.2830372 -0.0324592 -0.7145411 -0.4057129 0.5690118
1341848030.526716 0.8509955 -0.5001346 1.2706498 -0.0318093 -0.7004209 -0.4057975 0.5862824
1341848030.726765 0.8591241 -0.4898835 1.2558417 -0.0368910 -0.6911932 -0.3952156 0.6039004
1341848030.926741 0.8693554 -0.4798331 1.2373003 -0.0461364 -0.6818150 -0.3755587 0.6260635
1341848031.162860 0.8840486 -0.4698437 1.2124026 -0.0551499 -0.6780308 -0.3544689 0.6415485
1341848031.262715 0.8900137 -0.4661840 1.2033274 -0.0590459 -0.6767797 -0.3520607 0.6438447
1341848031.472150 0.8968433 -0.4599997 1.1863115 -0.0591652 -0.6706774 -0.3502423 0.6511695
1341848031.662784 0.9066036 -0.4562318 1.1751888 -0.0540995 -0.6597468 -0.3466137 0.6645799
1341848031.866735 0.9188635 -0.4513070 1.1645467 -0.0497204 -0.6485848 -0.3336119 0.6823260
1341848032.066718 0.9335331 -0.4462044 1.1511276 -0.0455893 -0.6367323 -0.3238612 0.6982890
1341848032.302842 0.9488050 -0.4358659 1.1346874 -0.0450178 -0.6297320 -0.3203093 0.7062669
1341848032.470791 0.9596702 -0.4297638 1.1257291 -0.0411444 -0.6247999 -0.3151913 0.7131526
1341848032.670780 0.9702564 -0.4252329 1.1111470 -0.0357439 -0.6251246 -0.3072673 0.7166089
1341848032.838781 0.9799139 -0.4184653 1.0952470 -0.0324709 -0.6268494 -0.3033358 0.7169330
1341848033.274940 0.9850013 -0.3996538 1.0594926 -0.0353121 -0.6114791 -0.2901507 0.7352952
1341848033.443097 0.9854431 -0.3918557 1.0456592 -0.0367691 -0.6024109 -0.2873811 0.7437482
1341848033.642934 0.9858843 -0.3848560 1.0303223 -0.0413346 -0.5953559 -0.2802825 0.7518541
1341848033.874878 0.9887872 -0.3787551 1.0142455 -0.0438776 -0.5886880 -0.2720459 0.7599422
1341848034.078802 0.9925856 -0.3765532 1.0036111 -0.0336432 -0.5684777 -0.2571557 0.7807510
1341848034.521747 1.0132983 -0.3669506 0.9766036 -0.0291675 -0.5403455 -0.2241662 0.8105094
1341848034.715163 1.0248265 -0.3537039 0.9576553 -0.0333076 -0.5353334 -0.2264866 0.8130268
1341848034.914816 1.0323102 -0.3394554 0.9432102 -0.0366025 -0.5305257 -0.2282302 0.8155451
1341848035.118886 1.0351262 -0.3305320 0.9318600 -0.0387159 -0.5208455 -0.2299680 0.8211795
1341848035.654654 1.0304266 -0.3079027 0.8895497 -0.0462475 -0.5097381 -0.2024343 0.8348944
1341848035.886689 1.0244374 -0.2983631 0.8698921 -0.0547121 -0.4933901 -0.1884081 0.8473932
1341848036.154810 1.0179832 -0.2887984 0.8482734 -0.0653014 -0.4864500 -0.1770838 0.8530788
1341848036.626802 1.0052929 -0.2701193 0.8080306 -0.0548345 -0.4650752 -0.1708431 0.8668973
1341848036.926846 0.9998720 -0.2558118 0.7703094 -0.0463935 -0.4498240 -0.1464848 0.8798001
1341848037.126709 0.9968269 -0.2448078 0.7436624 -0.0323663 -0.4438977 -0.1374276 0.8848847
1341848037.326868 0.9944921 -0.2356159 0.7151306 -0.0084473 -0.4555467 -0.1281661 0.8808969
1341848037.530725 0.9868093 -0.2263191 0.6919717 0.0014428 -0.4553833 -0.1319980 0.8804547
1341848037.798917 0.9676286 -0.2134046 0.6692894 0.0048497 -0.4399697 -0.1350389 0.8877881
1341848038.274093 0.9357082 -0.1882485 0.6355517 -0.0201685 -0.3988225 -0.1241037 0.9083678
1341848038.473889 0.9231554 -0.1811983 0.6192435 -0.0175292 -0.3876481 -0.1234705 0.9133328
1341848038.702868 0.9084753 -0.1723186 0.5960216 -0.0068638 -0.3813278 -0.1223606 0.9162805
1341848038.938767 0.9005614 -0.1583781 0.5694058 -0.0049047 -0.3730785 -0.1130196 0.9208773
1341848039.238881 0.8941120 -0.1407220 0.5383235 -0.0060605 -0.3529564 -0.0992735 0.9303386
1341848039.474867 0.8906400 -0.1283038 0.5182104 -0.0077953 -0.3425893 -0.0972162 0.9344094
1341848039.674760 0.8792740 -0.1214543 0.5033916 -0.0034597 -0.3322048 -0.1003470 0.9378478
1341848040.010707 0.8539506 -0.1069826 0.4813201 0.0005067 -0.3164551 -0.0919105 0.9441443
1341848040.110819 0.8469650 -0.1002032 0.4753923 -0.0052010 -0.3099535 -0.0861463 0.9468266
1341848040.679034 0.8009215 -0.0906657 0.4386530 -0.0140170 -0.2709311 -0.0573940 0.9607840
1341848040.914699 0.7826135 -0.0861555 0.4248681 0.0021181 -0.2266497 -0.0460930 0.9728827
1341848041.189954 0.7648212 -0.0765733 0.4130898 -0.0132954 -0.1952423 -0.0125313 0.9805849
1341848041.482801 0.7395879 -0.0672769 0.4075356 -0.0275005 -0.1670154 0.0002864 0.9855707
1341848041.718789 0.7109740 -0.0641454 0.4091288 -0.0272314 -0.1397617 0.0067233 0.9897878
1341848041.954693 0.6785232 -0.0665341 0.4072330 -0.0226215 -0.1291238 0.0296791 0.9909261
1341848042.222883 0.6468722 -0.0734167 0.4117213 -0.0273791 -0.1104703 0.0472842 0.9923764
1341848042.461752 0.6193789 -0.0744830 0.4144408 -0.0332266 -0.0844398 0.0565260 0.9942690
1341848042.929860 0.5687401 -0.0681744 0.4181813 -0.0407561 -0.0195792 0.1008011 0.9938787
1341848043.097862 0.5549484 -0.0646562 0.4171473 -0.0404796 -0.0027393 0.1127034 0.9928000
1341848043.334034 0.5287544 -0.0685312 0.4227808 -0.0396784 0.0202839 0.1209518 0.9916576
1341848043.569664 0.5035490 -0.0741471 0.4292874 -0.0374593 0.0329798 0.1327797 0.9898883
1341848043.837855 0.4730421 -0.0863838 0.4499917 -0.0473079 0.0463079 0.1460391 0.9870614
1341848044.073762 0.4508325 -0.0928394 0.4605950 -0.0455175 0.0557720 0.1470780 0.9865018
1341848044.337838 0.4276598 -0.1006861 0.4770093 -0.0510426 0.0676306 0.1534325 0.9845198
1341848044.641741 0.4097016 -0.1059504 0.4947297 -0.0554861 0.1021962 0.1853606 0.9757657
1341848044.934911 0.3845176 -0.1134279 0.5093294 -0.0472204 0.1290995 0.2123189 0.9674835
1341848045.170759 0.3660329 -0.1179632 0.5237533 -0.0555312 0.1347999 0.2219404 0.9640995
1341848045.674943 0.3306144 -0.1372911 0.5663878 -0.0612222 0.1357856 0.2111502 0.9660382
1341848045.906765 0.3138502 -0.1465020 0.5907658 -0.0657055 0.1262529 0.2017237 0.9690462
1341848046.110817 0.3009156 -0.1454729 0.6055477 -0.0587247 0.1032100 0.1848436 0.9755675
1341848046.449782 0.2720775 -0.1462359 0.6202254 -0.0669229 0.0868833 0.1554160 0.9817426
1341848046.778736 0.2376198 -0.1413535 0.6166561 -0.0607757 0.0698333 0.1401833 0.9857882
1341848047.250668 0.1874085 -0.1258129 0.5973147 -0.0614005 0.0640294 0.1308324 0.9874275
1341848047.518733 0.1570415 -0.1228224 0.5836137 -0.0577286 0.0456043 0.1208979 0.9899350
1341848047.750845 0.1329831 -0.1243202 0.5754679 -0.0561984 0.0376922 0.1142234 0.9911479
1341848047.986771 0.1090421 -0.1269127 0.5728360 -0.0575540 0.0404254 0.1099589 0.9914446
1341848048.222966 0.0840311 -0.1288861 0.5699844 -0.0533634 0.0486220 0.1124573 0.9910306
1341848048.822736 0.0300973 -0.1400789 0.5557688 -0.0203863 0.0704227 0.1180736 0.9902948
1341848049.058792 0.0102285 -0.1451927 0.5468701 0.0027267 0.0671372 0.1022725 0.9924845
1341848049.294747 -0.0111307 -0.1449679 0.5376132 0.0140035 0.0633519 0.0949745 0.9933631
1341848049.526803 -0.0334014 -0.1409290 0.5252148 0.0234386 0.0672823 0.1041133 0.9920102
1341848049.762702 -0.0631529 -0.1345782 0.5119326 0.0227352 0.0644251 0.1055598 0.9920633
1341848050.566840 -0.1498273 -0.1193247 0.4920782 0.0205378 0.0107473 0.0546719 0.9982353
1341848050.834769 -0.1758901 -0.1206948 0.4877117 0.0224263 -0.0184558 0.0381382 0.9988503
1341848050.970852 -0.1897945 -0.1217225 0.4867544 0.0231031 -0.0304794 0.0259609 0.9989311
1341848051.440006 -0.2189057 -0.1245554 0.4775730 0.0458442 -0.0712480 0.0040569 0.9963963
1341848051.538932 -0.2220352 -0.1266381 0.4770003 0.0473444 -0.0829238 -0.0081749 0.9953971
1341848051.738793 -0.2269362 -0.1221033 0.4708047 0.0644226 -0.1150420 -0.0425752 0.9903547
1341848051.874951 -0.2254419 -0.1165788 0.4642128 0.0765021 -0.1277084 -0.0696407 0.9864016
1341848052.178064 -0.2127595 -0.1071746 0.4551989 0.0680440 -0.1253205 -0.1072540 0.9839519
1341848052.311125 -0.2055897 -0.1037941 0.4500197 0.0613265 -0.1154884 -0.1173733 0.9844415
1341848052.481496 -0.1927962 -0.1005441 0.4407300 0.0616170 -0.1065107 -0.1256779 0.9844105
1341848052.646710 -0.1797138 -0.0961918 0.4334644 0.0642217 -0.0990831 -0.1407718 0.9829758
1341848052.978684 -0.1514686 -0.0855895 0.4088923 0.0607504 -0.0735189 -0.1437092 0.9850137
1341848053.146985 -0.1332705 -0.0824262 0.4002579 0.0598229 -0.0511546 -0.1334133 0.9879298
1341848053.321709 -0.1184640 -0.0774039 0.3904096 0.0633729 -0.0321811 -0.1189444 0.9903537
1341848053.521747 -0.1045653 -0.0713709 0.3797752 0.0602853 -0.0091608 -0.0941184 0.9936919
1341848053.721697 -0.0929824 -0.0651004 0.3708498 0.0434197 0.0238094 -0.0602868 0.9969521
1341848054.422878 -0.1028424 -0.0600435 0.3227365 0.0276165 0.0800350 0.0353411 0.9957825
1341848055.190986 -0.1174559 -0.0503761 0.2544444 0.0532751 0.1213362 0.0913991 0.9869577
1341848055.326795 -0.1278013 -0.0414685 0.2361798 0.0586156 0.1232893 0.0995497 0.9856236
1341848055.962765 -0.1756512 -0.0159977 0.1802627 0.0612943 0.1736091 0.1236139 0.9751013
1341848057.002703 -0.3360040 -0.0213147 0.1899587 0.0287134 0.1441000 0.1497896 0.9777392
1341848058.006833 -0.4955881 -0.0211674 0.2100419 -0.0086711 0.1999609 0.1917492 0.9608188
1341848058.678730 -0.5809193 -0.0498904 0.2456675 0.0143996 0.1947726 0.1950289 0.9611556
1341848059.382694 -0.6047528 -0.0592555 0.2657819 0.0286579 0.2470156 0.2126634 0.9449531
1341848060.118813 -0.6187268 -0.0586977 0.2601042 0.0622646 0.2730478 0.2009599 0.9387136
1341848061.197947 -0.5773699 -0.0566169 0.2545316 0.0933711 0.2697901 0.1655977 0.9439664
1341848061.358867 -0.5652598 -0.0592737 0.2501495 0.1067037 0.2695332 0.1660095 0.9425535
1341848062.430832 -0.5290108 -0.0615497 0.2615945 0.0950144 0.2551732 0.1512858 0.9502482
1341848063.102822 -0.4847830 -0.0577028 0.2539172 0.0918309 0.2172974 0.1449989 0.9608977
1341848063.745768 -0.4289252 -0.0495647 0.2549511 0.0683757 0.1959153 0.1308207 0.9694473
1341848064.382619 -0.3461870 -0.0688861 0.2877806 0.0743900 0.1818328 0.1187309 0.9732964
1341848065.046751 -0.2681828 -0.0700052 0.2930292 0.0788801 0.1656938 0.1227369 0.9753252
1341848065.682873 -0.2036664 -0.0674966 0.2851478 0.0880752 0.1440477 0.1037355 0.9801694
1341848065.882795 -0.1956823 -0.0613237 0.2837417 0.0840356 0.1285497 0.0868580 0.9843113
1341848066.833355 -0.1155140 -0.0688840 0.3033014 0.0823536 0.0635921 0.0290338 0.9941484
1341848067.658983 -0.0615341 -0.0688122 0.3012267 0.0848867 0.0672773 0.0343667 0.9935225
