Frame ID: 21 Frame Pose: 0.106940 -0.276881 0.307162
ObjectId: 1 ObjectClass: 57 ObjectCenter: 0.169842 -0.291661 1.136966
0.007756 -0.468667 1.261966
0.150717 -0.203119 1.076740
-0.081416 -0.417469 1.313598
0.554623 -0.279713 1.211547
-0.024543 -0.263472 1.098508
-0.075727 -0.064034 1.113733
0.020587 -0.239493 1.091633
0.368170 -0.441393 1.217263
0.198798 -0.193815 0.988350
-0.090790 -0.053141 1.110958
-0.104207 -0.088592 1.078507
-0.107574 -0.274446 1.051033
0.605390 -0.325521 1.265590
0.004982 -0.443002 1.200924
0.144568 -0.435275 1.207690
0.059512 -0.296091 1.187459
-0.024036 -0.293758 1.119770
-0.038509 -0.259641 1.123998
0.146977 -0.289853 1.190343
0.141991 -0.272694 1.193491
0.348577 -0.592372 1.608056
-0.010121 -0.238084 1.047728
0.010782 -0.232826 1.078494
0.351771 -0.215554 1.080364
0.384236 -0.208376 1.110556
0.400299 -0.221369 1.157770
0.158374 -0.204908 1.094676
0.155637 -0.200413 1.073572
0.118066 -0.150596 0.800745
0.199624 -0.130909 0.625506
-0.097443 -0.098500 1.155203
-0.028108 -0.257106 1.097944
-0.070556 -0.075603 1.085894
-0.088596 -0.058594 1.075430
-0.103833 -0.093474 1.071235
0.165578 -0.210028 1.132115
0.349158 -0.216666 1.080756
0.330808 -0.220635 1.068276
-0.013988 -0.304877 1.141595
-0.102301 -0.265852 1.031749
0.041010 -0.273478 1.079344
0.351419 -0.281625 1.214189
-0.029811 -0.269498 1.141849
-0.087892 -0.055560 1.082065
0.000418 -0.307086 1.143073
-0.073488 -0.072627 1.093723
-0.089161 -0.056763 1.101097
-0.015694 -0.293742 1.163553
-0.016896 -0.295380 1.090419
-0.024819 -0.287386 1.094842
-0.082881 -0.288355 1.067184
-0.103628 -0.092966 1.098897
0.142375 -0.200838 1.052738
-0.081451 -0.094661 1.246529
-0.083199 -0.278748 1.034483
0.052963 -0.281125 1.123305
0.001954 -0.446211 1.192178
0.357820 -0.282624 1.219872
-0.108049 -0.094389 1.256403
0.168658 -0.202051 1.080347
0.007116 -0.232121 1.033661
-0.022946 -0.275501 1.220502
-0.010664 -0.257645 1.123431
-0.014241 -0.310417 1.145376
-0.105382 -0.091295 1.096746
0.375789 -0.209881 1.094430
0.052412 -0.278916 1.115002
0.035271 -0.281301 1.176793
-0.025614 -0.298567 1.140586
-0.016748 -0.287490 1.140757
0.003212 -0.314082 1.162857
-0.037537 -0.259805 1.115135
0.366307 -0.275419 1.194241
0.137410 -0.272218 1.187796
0.009542 -0.233640 1.076182
-0.006512 -0.453019 1.239032
-0.083112 -0.364995 1.105470
0.396401 -0.210890 1.116114
-0.104266 -0.268895 1.030460
-0.018355 -0.283983 1.134079
-0.010940 -0.240404 1.057010
-0.091210 -0.053864 1.115557
0.371268 -0.210522 1.089620
-0.013221 -0.305863 1.125742
0.175817 -0.197522 0.868946
0.016490 -0.237567 1.113914
0.016187 -0.234128 1.112630
0.004772 -0.308967 1.142545
-0.088044 -0.398260 1.229871
-0.083415 -0.447227 1.352315
0.151237 -0.445662 1.228467
-0.085059 -0.421801 1.196386
-0.096919 -0.076743 1.065452
-0.094106 -0.292490 1.075935
-0.119651 -0.381542 1.194104
0.413646 -0.487435 1.351460
-0.120344 -0.391283 1.199565
-0.089114 -0.284544 1.049503
0.442972 -0.366395 1.452368
-0.103410 -0.275323 1.058032
-0.006010 -0.473803 1.286457
0.015703 -0.237741 1.070588
0.365966 -0.273842 1.186036
-0.025547 -0.259232 1.092842
-0.008549 -0.249608 1.080399
-0.102878 -0.268052 1.028390
-0.097452 -0.439481 1.346210
-0.075459 -0.379294 1.181487
-0.085227 -0.461780 1.349179
0.559255 -0.472470 1.309327
0.368711 -0.440158 1.212277
0.541570 -0.491325 1.354768
-0.110564 -0.294395 1.139677
-0.079298 -0.430472 1.207653
0.004636 -0.237464 1.098351
0.037676 -0.279527 1.125122
-0.026249 -0.267731 1.126764
0.380077 -0.455805 1.258114
0.585823 -0.491243 1.362679
0.143409 -0.435416 1.200761
-0.002611 -0.239196 1.072401
-0.074360 -0.082940 1.076378
0.009249 -0.226812 1.088928
-0.082971 -0.424362 1.327692
-0.095774 -0.082996 1.086938
-0.087335 -0.415239 1.249248
0.365528 -0.276626 1.201214
-0.017153 -0.277566 1.186818
-0.084195 -0.458783 1.286883
-0.046226 -0.154835 1.074369
-0.085314 -0.413068 1.243015
0.076471 -0.445835 1.212608
-0.088705 -0.433862 1.221815
0.245245 -0.263649 1.169392
0.720745 -0.653701 1.783702
0.379016 -0.239822 1.192056
0.622331 -0.563434 1.544132
0.578162 -0.290364 1.248485
0.596070 -0.534298 1.482295
0.000362 -0.291051 1.121602
-0.075103 -0.082760 1.083476
-0.010051 -0.246268 1.063210
0.009014 -0.238988 1.068758
0.012099 -0.235797 1.116616
0.052707 -0.291131 1.157664
-0.089621 -0.055197 1.105820
0.014184 -0.238856 1.081658
-0.090904 -0.054282 1.116817
-0.008676 -0.269514 1.181612
0.375247 -0.291112 1.258848
0.590832 -0.488429 1.356500
0.149461 -0.260451 1.164674
-0.075831 -0.274542 1.032992
0.049619 -0.293827 1.161610
0.361786 -0.300312 1.207122
0.538344 -0.492526 1.351251
0.006274 -0.309812 1.150312
0.011502 -0.237090 1.087800
0.138574 -0.197893 1.042063
0.367661 -0.436173 1.201465
0.425550 -0.227893 1.228400
0.322638 -0.211696 1.038621
0.515944 -0.467667 1.298833
0.045872 -0.278127 1.104651
0.038157 -0.276251 1.069846
0.365097 -0.276789 1.202809
-0.005824 -0.229779 0.976561
0.098918 -0.169953 0.848951
-0.075019 -0.379846 1.164488
-0.119445 -0.391710 1.189300
0.337654 -0.280663 1.141196
0.361924 -0.432599 1.216865
-0.094804 -0.083429 1.086710
-0.074875 -0.376659 1.184306
0.158836 -0.204264 1.094709
0.145068 -0.435064 1.194502
-0.116896 -0.382054 1.159135
-0.096418 -0.290416 1.065879
-0.143239 -0.387938 1.246084
0.365609 -0.231569 1.148228
-0.104632 -0.089473 1.079040
0.044738 -0.278347 1.097608
-0.063616 -0.075862 1.080663
-0.103717 -0.267879 1.024508
0.150462 -0.448375 1.228068
0.007668 -0.308256 1.141272
0.246380 -0.270226 1.184900
0.374650 -0.439770 1.217315
0.167032 -0.205163 1.089176
0.537378 -0.239578 1.227076
0.162721 -0.258493 1.174816
0.316870 -0.424051 1.136220
-0.092165 -0.047273 1.153590
0.116013 -0.432037 1.191234
0.010221 -0.308617 1.141197
0.054710 -0.279558 1.119523
0.139309 -0.270952 1.185492
-0.118967 -0.355799 1.136156
0.350292 -0.280328 1.172078
-0.105291 -0.084994 1.107072
0.376065 -0.210896 1.104037
0.544217 -0.280832 1.198379
0.589900 -0.388606 1.241980
0.351059 -0.431785 1.166204
0.372744 -0.214593 1.099204
0.122426 -0.437233 1.210557
0.356997 -0.281060 1.189240
0.016574 -0.236613 1.068142
-0.101088 -0.265526 0.996507
0.349691 -0.431465 1.168142
-0.116229 -0.356268 1.137490
-0.075086 -0.349094 1.080397
0.029419 -0.267249 1.129918
0.006786 -0.308438 1.141997
0.356101 -0.439950 1.188159
0.364425 -0.214689 1.069581
0.319168 -0.215057 1.104914
-0.155862 -0.398511 1.324518
-0.113528 -0.355739 1.092382
0.597636 -0.207277 1.096427
0.565537 -0.377254 1.168593
0.545059 -0.374076 1.136615
0.547118 -0.288769 1.210647
-0.069876 -0.432436 1.250547
0.588402 -0.385610 1.202881
0.482781 -0.284990 1.096776
0.510807 -0.278538 1.135773
-0.070729 -0.365902 1.098484
0.140847 -0.435599 1.212078
0.021010 -0.266936 1.126884
0.255699 -0.257212 1.119887
0.148614 -0.436670 1.193268
0.501497 -0.205757 1.075362
0.356091 -0.212136 1.054882
0.138439 -0.414891 1.215392
0.596249 -0.209797 1.088013
0.505360 -0.226941 0.962089
0.247022 -0.274567 1.190555
0.601013 -0.204352 1.105807
0.137671 -0.273053 1.199425
0.360570 -0.213426 1.022767
0.014026 -0.310418 1.163897
0.147383 -0.435852 1.199946
0.351433 -0.427329 1.186716
0.493139 -0.286660 1.115700
0.340369 -0.214890 1.035680
0.572697 -0.210963 1.051718
-0.014256 -0.270656 1.112662
0.392639 -0.275959 1.250196
0.633796 -0.290844 1.067467
0.577121 -0.207975 1.076428
0.130242 -0.415691 1.154639
0.347185 -0.428662 1.148140
0.522702 -0.261763 1.116214
0.057868 -0.278453 1.118619
0.438165 -0.239948 0.869081
0.312931 -0.224160 0.983946
0.133107 -0.276678 1.189383
0.031999 -0.262786 1.122660
0.121453 -0.433555 1.194624
0.338370 -0.278491 1.144484
0.334063 -0.426130 1.131246
0.059680 -0.277672 1.144536
0.297954 -0.411616 1.034371
0.059767 -0.277246 1.144766
0.356544 -0.426285 1.203284
0.564119 -0.210570 1.053695
0.542031 -0.379249 1.132499
0.053715 -0.280161 1.135046
0.022935 -0.239999 1.085801
0.479999 -0.237970 0.980520
0.358986 -0.212859 1.018429
0.399277 -0.157738 1.111367
0.169703 -0.198688 1.077704
0.539858 -0.277069 1.170204
0.490921 -0.444205 1.235410
0.571364 -0.218010 1.087769
0.316187 -0.423942 1.132590
0.563524 -0.426193 1.217158
0.316907 -0.224468 0.989057
0.604467 -0.290575 1.030321
0.311108 -0.223622 0.960087
0.350878 -0.214443 1.093249
0.467540 -0.230981 0.931630
0.451869 -0.231414 0.877190
0.335207 -0.277736 1.135537
0.501537 -0.276793 1.105403
0.621618 -0.288398 1.048724
0.326581 -0.221743 1.011324
0.519718 -0.217459 1.015816
0.308139 -0.228112 0.955524
0.494770 -0.231147 0.944118
0.351029 -0.275961 1.171384
0.553643 -0.280764 0.964429
0.346491 -0.424043 1.137818
0.495656 -0.447448 1.242742
0.514586 -0.109150 1.058567
0.348376 -0.276710 1.171897
0.349475 -0.276589 1.174363
0.544127 -0.280066 0.952921
0.482913 -0.432508 1.169629
0.570476 -0.384561 1.183010
0.487229 -0.364510 1.030595
0.636895 -0.360756 1.194021
0.602494 -0.353573 1.133748
Frame ID: 21 Frame Pose: -0.033328 -0.207331 0.178789
ObjectId: 2 ObjectClass: 56 ObjectCenter: -0.367179 -0.195685 1.025526
-0.511461 -0.286981 1.183731
-0.511610 -0.260628 0.906206
-0.556148 -0.234676 1.053822
-0.315271 -0.166738 1.002261
-0.270296 -0.008750 1.050742
-0.291889 -0.095145 1.077750
-0.406737 -0.126058 0.768091
-0.337885 -0.113946 0.849285
-0.313857 -0.106432 0.847053
-0.327320 -0.078831 0.889745
-0.694981 -0.395959 1.289331
-0.458927 -0.258213 1.202313
-0.427312 -0.216709 0.982778
-0.442594 -0.231803 1.205944
-0.265530 -0.169911 1.006031
-0.305604 -0.125737 0.876276
-1.316288 -0.530487 2.702435
-0.423838 -0.111769 0.907351
-0.506290 -0.323084 1.035803
-0.333700 -0.169956 1.017312
-0.258932 -0.087099 0.935289
-0.297036 -0.160656 0.961702
-0.311590 -0.104541 0.841718
-0.249894 -0.069748 0.833498
-0.294703 -0.121898 0.830616
-0.259198 -0.067436 0.861384
-0.258532 -0.087108 0.936592
-0.278909 -0.093004 1.023220
-0.296235 -0.107876 0.819717
-0.336724 -0.085609 0.921857
-0.303283 -0.124744 0.857581
-0.259480 -0.085096 0.937389
-0.282170 -0.117697 0.800165
-0.264227 -0.067159 0.877238
-0.258755 -0.014925 1.068289
-0.280145 -0.091891 1.032242
-0.238008 -0.059210 0.785997
-0.271555 -0.077375 1.004687
-0.245301 -0.013380 1.009549
-0.307427 -0.258659 1.112931
-0.160778 -0.449278 1.213186
-0.315498 -0.247598 1.341137
-0.139413 -0.111240 1.133505
-0.279712 -0.233890 1.157714
-0.301543 -0.217719 1.200791
-0.242125 -0.144248 0.968966
-0.294438 -0.248987 1.131932
-0.267960 -0.168749 0.999784
-0.273332 -0.230436 1.131572
-0.141826 -0.107105 1.147966
-0.290392 -0.248393 1.120749
-0.268562 -0.169496 1.006820
-0.165071 -0.450837 1.222892
-0.271974 -0.165025 1.109197
-0.275699 -0.186124 1.175751
-0.171075 -0.509740 1.232594
-0.186861 -0.455487 1.233822
-0.309849 -0.501601 1.242922
-0.180302 -0.424102 1.254073
-0.300818 -0.470488 1.164576
-0.182834 -0.543343 1.310419
-0.301355 -0.489955 1.205243
-0.169276 -0.465018 1.264228
-0.343655 -0.523832 1.359525
-0.164409 -0.451735 1.223820
-0.173427 -0.510189 1.227163
-0.472449 -0.292535 0.956001
-0.470445 -0.248358 0.953269
-0.495185 -0.226908 0.944396
-0.479742 -0.216048 0.919983
-0.514496 -0.264959 0.912130
-0.579846 -0.216523 1.197706
-0.506381 -0.188616 1.036305
-0.528605 -0.190248 1.092959
-0.540333 -0.192689 1.121014
-0.472505 -0.246606 0.956528
-0.480725 -0.235819 0.942106
-0.406987 -0.132100 0.826215
-0.277628 -0.071171 1.003273
-0.296672 -0.068455 1.072249
-0.325012 -0.136094 0.883192
-0.424018 -0.214338 0.985259
-0.452308 -0.209688 0.903410
-0.480453 -0.236122 0.941253
-0.537299 -0.221307 1.121892
-0.418764 -0.216137 1.204491
-0.272929 -0.167197 1.003928
-0.271015 -0.136942 0.974282
-0.262407 -0.010664 1.025018
-0.282500 -0.179156 1.117262
-0.259783 -0.015773 1.079870
-0.280019 -0.074959 1.025452
-0.510090 -0.266278 0.904372
-0.491582 -0.310146 0.996645
-0.511999 -0.191008 1.050496
-0.291383 -0.123651 0.826458
-0.263576 -0.126568 0.900674
-0.538496 -0.248978 1.083803
-0.182945 -0.452073 1.221511
-0.185711 -0.462828 1.257321
-0.327088 -0.165663 1.000910
-0.310522 -0.105289 0.837130
-0.424041 -0.211675 0.992178
-0.418069 -0.180055 0.843941
-0.442416 -0.193897 0.899570
-0.488594 -0.223393 0.931826
-0.393192 -0.143095 0.892768
-0.344095 -0.165306 1.008169
-0.418770 -0.213198 0.968520
-0.424377 -0.141746 0.962951
-0.467538 -0.233748 0.913826
-0.346781 -0.164536 0.998201
-0.287536 -0.072828 1.077659
-0.360147 -0.074882 0.892713
-0.296535 -0.124262 0.837091
-0.313014 -0.125057 0.866818
-0.283680 -0.083743 1.167607
-0.313280 -0.122352 0.870739
-0.426505 -0.216083 0.986676
-0.459903 -0.191379 0.952550
-0.445694 -0.194096 0.918504
-0.410623 -0.176926 0.829511
-0.445582 -0.219175 0.921514
-0.475425 -0.249423 0.957157
-0.331747 -0.166292 0.949528
-0.279995 -0.168699 1.024540
-0.403580 -0.113497 0.994750
-0.348945 -0.164745 1.011487
-0.431896 -0.141909 0.980155
-0.424511 -0.142344 0.964540
-0.486091 -0.252586 0.982623
-0.346277 -0.165407 1.005754
-0.307697 -0.133734 0.810429
-0.346483 -0.165068 1.011510
-0.538169 -0.260738 1.082518
-0.341034 -0.163105 0.985904
-0.408821 -0.169329 1.020656
-0.430239 -0.164724 1.063176
-0.447882 -0.161388 1.101047
-0.264978 -0.131596 0.752381
Frame ID: 21 Frame Pose: -0.098312 -0.112164 0.076055
ObjectId: 3 ObjectClass: 56 ObjectCenter: -0.334450 -0.013369 0.783071
-0.231570 0.203147 0.693651
-0.255917 0.070210 0.657299
-0.255967 0.044702 0.702433
-0.234912 0.206499 0.701595
-0.423130 -0.030726 0.819263
-0.406737 -0.126058 0.768091
-0.337885 -0.113946 0.849285
-0.403579 -0.017805 0.720314
-0.339877 -0.044739 0.948719
-0.324114 -0.005198 0.666740
-0.243739 0.218540 0.707147
-0.268761 0.101593 0.922217
-0.262269 0.059253 0.709868
-0.325516 0.042823 0.723388
-0.326559 0.006752 0.874731
-0.423838 -0.111769 0.907351
-0.240205 0.215387 0.721255
-0.297141 -0.010338 0.691143
-0.327320 -0.078831 0.889745
-0.229574 0.099444 0.584394
-0.312024 -0.036133 0.814418
-0.212563 0.148741 0.511337
-0.175208 0.116313 0.405853
-0.267795 0.177061 0.608097
-0.229826 0.157766 0.544026
-0.177885 0.118661 0.426370
-0.273297 0.180786 0.618221
-0.224017 0.158468 0.534741
-0.191046 0.167240 0.573863
-0.232241 0.161254 0.540541
-0.257564 0.107246 0.482838
-0.230434 0.156426 0.558090
-0.241999 0.176154 0.586025
-0.192852 0.133904 0.450939
-0.244479 0.110020 0.470276
-0.175285 0.124794 0.424236
-0.213291 0.152760 0.512388
-0.255275 0.166233 0.570263
-0.255022 0.115535 0.492022
-0.314555 0.062619 0.712181
-0.252276 0.044211 0.681978
-0.300623 0.063746 0.631535
-0.248803 0.055196 0.668760
-0.239520 0.203510 0.739659
-0.255756 0.054749 0.707986
-0.427312 -0.216709 0.982778
-0.458927 -0.258213 1.202313
-0.442594 -0.231803 1.205944
-0.205239 0.037468 0.550197
-0.235054 0.050335 0.646521
-0.338830 -0.004582 0.693340
-0.261215 0.060483 0.699262
-0.270221 0.037579 0.603705
-0.316046 -0.008197 0.729230
-0.335660 -0.005499 0.686413
-0.335125 0.070313 0.659677
-0.301688 0.058483 0.679928
-0.247459 0.051142 0.681774
-0.332284 -0.018344 0.743545
-0.343537 0.056715 0.674435
-0.254482 0.042669 0.703707
-0.286190 0.058341 0.561960
-0.274365 0.059851 0.581585
-0.339496 0.075517 0.686421
-0.301644 0.052798 0.663626
-0.345007 0.059452 0.679770
-0.275782 0.037258 0.612327
-0.336102 -0.012520 0.777701
-0.259839 0.056978 0.548426
-0.304487 0.054718 0.671339
-0.335393 -0.017807 0.709235
-0.331338 0.043717 0.739443
-0.288311 -0.004333 0.828290
-0.319204 0.070585 0.677375
-0.355933 0.080755 0.722109
-0.251353 0.056810 0.677267
-0.250043 0.069506 0.657045
-0.357797 0.062817 0.710699
-0.330600 0.044108 0.734967
-0.306290 0.064455 0.610510
-0.301811 0.053475 0.597526
-0.295243 -0.000112 0.708313
-0.351714 0.074619 0.704594
-0.305604 -0.125737 0.876276
-0.313857 -0.106432 0.847053
-0.511610 -0.260628 0.906206
-0.506290 -0.323084 1.035803
-0.556148 -0.234676 1.053822
-0.316313 -0.025917 0.705181
-0.333700 -0.169956 1.017312
-0.294703 -0.121898 0.830616
-0.325511 -0.032552 0.853331
-0.296235 -0.107876 0.819717
-0.303283 -0.124744 0.857581
-0.313189 -0.012876 0.744818
-0.365730 -0.028826 0.975316
-0.313014 -0.125057 0.866818
-0.352177 -0.106544 0.861636
-0.331747 -0.166292 0.949528
-0.355260 -0.246119 1.019488
-0.355510 -0.109050 0.870017
-0.234915 -0.020717 0.519683
-0.350780 -0.136423 0.818068
-0.325012 -0.136094 0.883192
-0.403580 -0.113497 0.994750
-0.342298 -0.014866 0.869272
-0.337937 -0.152060 0.940517
-0.346790 -0.184678 0.979602
-0.310522 -0.105289 0.837130
-0.363991 -0.189444 1.025530
-0.375185 -0.216644 1.096171
-0.340027 -0.165264 1.023331
-0.412855 -0.129272 0.829937
-0.375757 -0.143930 0.884096
-0.348945 -0.164745 1.011487
-0.318792 -0.035663 0.834813
-0.345036 -0.084179 0.940352
-0.389218 -0.002130 0.930406
-0.372955 -0.142259 0.878848
-0.366914 -0.142763 0.887800
-0.305715 -0.010581 0.707612
-0.294691 -0.012654 0.693356
-0.351318 0.079686 0.721467
-0.397789 -0.020412 0.758350
-0.345254 -0.019015 0.725806
-0.445831 -0.040255 0.864709
-0.446985 -0.036373 0.870275
-0.363326 -0.019484 0.664197
-0.391092 0.033528 0.670854
-0.328595 0.068566 0.651492
-0.400260 0.030820 0.671202
-0.430175 0.067740 0.725127
-0.314726 -0.004467 0.637410
-0.352689 0.053614 0.680661
-0.387515 0.079350 0.619718
-0.309527 0.073372 0.690602
-0.329713 -0.032001 0.863548
-0.393253 -0.019948 0.691441
-0.419951 -0.019958 0.719460
-0.398560 -0.018385 0.676603
-0.334176 -0.021835 0.752408
-0.400989 -0.019119 0.711253
-0.326181 -0.017981 0.681846
-0.365032 -0.035089 0.701543
-0.428943 0.039830 0.735785
-0.353757 -0.016118 0.895470
-0.413945 -0.019857 0.731374
-0.417269 -0.033260 0.808158
-0.307739 0.071177 0.673854
-0.338857 -0.004772 0.695876
-0.316085 0.074478 0.731225
-0.334482 -0.018761 0.709575
-0.327415 -0.019667 0.720773
-0.337644 -0.005613 0.692581
-0.340117 -0.113434 0.851259
-0.429270 0.066974 0.722709
-0.344392 -0.109430 0.850163
-0.334738 0.044538 0.751490
-0.310881 -0.105069 0.839471
-0.405484 -0.019881 0.664732
-0.360783 -0.078755 0.892147
-0.341651 -0.112231 0.852396
-0.439616 0.049725 0.752501
-0.438213 -0.107509 0.943049
-0.319579 -0.013307 0.797193
-0.308556 -0.009447 0.720228
-0.328244 -0.004595 0.673154
-0.312095 -0.008098 0.728193
-0.406564 -0.128046 0.826977
-0.406055 0.030521 0.682260
-0.341487 -0.018771 0.769066
-0.344520 -0.019803 0.725976
-0.278533 -0.067183 1.007906
-0.277628 -0.071171 1.003273
-0.259198 -0.067436 0.861384
-0.336724 -0.085609 0.921857
-0.250116 0.102623 0.901598
-0.308050 0.067069 0.702465
-0.296672 -0.068455 1.072249
-0.305991 -0.044379 0.867834
-0.328530 0.046586 0.740014
-0.407837 0.056017 0.691474
-0.385929 0.028022 0.647042
-0.341751 -0.013596 0.852612
-0.280019 -0.074959 1.025452
-0.268885 -0.072135 0.965957
-0.429838 0.039791 0.733706
-0.360399 -0.105607 0.859747
-0.516210 -0.119363 0.840959
-0.456520 0.005113 0.724428
-0.291383 -0.123651 0.826458
-0.355920 0.003508 0.741316
-0.287411 0.055043 1.008612
-0.338364 -0.023279 0.686450
-0.255033 0.036591 0.907160
-0.320981 0.011086 0.821385
-0.322863 0.023314 0.711400
-0.417893 -0.018123 0.712460
-0.406987 -0.132100 0.826215
-0.371628 0.008735 0.782747
-0.264227 -0.067159 0.877238
-0.342837 0.017319 0.689863
-0.269642 -0.008444 0.915949
-0.360259 -0.078157 0.894335
-0.334720 -0.006014 0.687879
-0.320304 -0.056659 0.876103
-0.495830 -0.120119 0.798427
-0.365986 -0.074503 0.914911
-0.520381 -0.018694 1.043616
-0.447607 -0.031206 0.874734
-0.378432 -0.112978 0.985584
-0.391209 -0.125699 0.799643
Frame ID: 23 Frame Pose: -0.098312 -0.112164 0.076055
ObjectId: 4 ObjectClass: 24 ObjectCenter: -0.423100 -0.377867 1.186950
-0.315696 -0.388452 1.197072
-0.319514 -0.328444 1.215098
-0.410630 -0.377500 1.140104
-0.442849 -0.428061 1.148587
-0.403677 -0.319636 1.164286
-0.414203 -0.326748 1.226819
-0.486136 -0.369247 1.207754
-0.382047 -0.430415 1.200550
-0.424397 -0.527357 1.378519
-0.386119 -0.314013 1.161484
-0.458350 -0.377415 1.155400
-0.423668 -0.456013 1.199922
-0.475018 -0.329147 1.203021
-0.411484 -0.308027 1.150675
-0.447876 -0.295825 1.168250
-0.445271 -0.375852 1.147361
-0.366872 -0.317942 1.121966
-0.378713 -0.500052 1.251227
-0.352977 -0.485492 1.218823
-0.392487 -0.308166 1.137170
-0.403217 -0.343006 1.111677
-0.298658 -0.237012 1.000220
-0.471363 -0.330372 1.186589
-0.472209 -0.331313 1.182038
-0.451883 -0.294382 1.140643
-0.675036 -0.634416 1.793005
-0.500493 -0.454520 1.347809
-0.404884 -0.313452 1.168910
-0.391672 -0.475110 1.259419
-0.381927 -0.307194 1.063678
-0.493568 -0.468391 1.226315
-0.439533 -0.406126 1.135179
-0.454959 -0.300793 1.136897
-0.471617 -0.387517 1.192550
-0.391511 -0.313464 1.164126
-0.382090 -0.469336 1.229458
-0.407653 -0.306981 1.138913
-0.384694 -0.484589 1.195183
-0.377056 -0.457305 1.200160
-0.408687 -0.308783 1.145463
-0.427195 -0.337760 1.204751
-0.479281 -0.332228 1.208603
-0.376701 -0.296984 1.058562
-0.472881 -0.313307 1.182030
-0.396050 -0.309608 1.140225
-0.458305 -0.375049 1.161933
-0.478172 -0.447958 1.183589
-0.428998 -0.463785 1.219466
-0.394075 -0.311169 1.153890
-0.421272 -0.353353 1.144814
-0.446752 -0.430646 1.157195
-0.417343 -0.457133 1.194864
-0.455216 -0.318492 1.145897
-0.424649 -0.380445 1.128510
-0.410801 -0.473375 1.282873
-0.470752 -0.394042 1.172841
-0.452522 -0.366859 1.142617
Frame ID: 70 Frame Pose: -0.033060 -0.263174 0.236165
ObjectId: 8 ObjectClass: 56 ObjectCenter: -0.260077 -0.369716 1.196186
-0.343655 -0.523832 1.359525
-0.278360 -0.181538 1.175469
-0.310863 -0.264681 1.130302
-0.141826 -0.107105 1.147966
-0.311025 -0.263453 1.127313
-0.265034 -0.452192 1.203124
-0.186861 -0.455487 1.233822
-0.309964 -0.228367 1.254894
-0.165071 -0.450837 1.222892
-0.266785 -0.453333 1.209681
-0.265530 -0.169911 1.006031
-0.185711 -0.462828 1.257321
-0.164409 -0.451735 1.223820
-0.182945 -0.452073 1.221511
-0.174834 -0.405239 1.198987
-0.160778 -0.449278 1.213186
-0.307427 -0.258659 1.112931
-0.322549 -0.499792 1.248264
-0.294438 -0.248987 1.131932
-0.290392 -0.248393 1.120749
-0.307885 -0.264685 1.122923
-0.179999 -0.428931 1.254123
-0.314167 -0.260304 1.134580
-0.200920 -0.223871 1.342495
-0.249618 -0.416106 1.196332
-0.268344 -0.453352 1.206153
-0.268160 -0.448915 1.202233
-0.333206 -0.492424 1.260739
-0.302944 -0.461891 1.203316
-0.312336 -0.261042 1.129949
-0.261238 -0.441611 1.159112
-0.309849 -0.501601 1.242922
-0.301355 -0.489955 1.205243
Frame ID: 144 Frame Pose: 0.161252 -0.246619 0.256130
ObjectId: 9 ObjectClass: 56 ObjectCenter: 0.749967 -0.317504 1.057412
0.707413 -0.426489 1.151662
0.681632 -0.423868 1.122002
0.731482 -0.392925 0.949557
0.760125 -0.337912 1.087913
0.770029 -0.327035 1.066009
0.727505 -0.331403 1.102826
0.679481 -0.379164 1.075807
0.684102 -0.424912 1.123445
0.705385 -0.331281 1.072937
0.767269 -0.327412 1.058228
0.746012 -0.381085 1.093789
0.697635 -0.428484 1.144461
0.802365 -0.324978 1.137419
0.727415 -0.333058 1.105259
0.745532 -0.328179 1.084516
0.765643 -0.339326 1.058097
0.805520 -0.324858 1.145621
0.740590 -0.260499 1.041494
0.822919 -0.333363 1.169307
0.701913 -0.188268 1.077217
0.680956 -0.426505 1.123622
0.759688 -0.345678 1.092551
0.682977 -0.378013 1.082922
0.738138 -0.330750 1.042694
0.745536 -0.310131 1.027208
0.585801 -0.305214 0.867278
0.734607 -0.342870 1.043008
0.742048 -0.345997 1.057394
0.739773 -0.333630 1.121200
0.646789 -0.411708 1.066685
0.659226 -0.190154 1.021046
0.758701 -0.249979 0.997854
0.751557 -0.345339 1.063722
0.756943 -0.312185 1.038835
0.667230 -0.192157 1.030039
0.771090 -0.335853 1.158235
0.743110 -0.264901 1.021740
0.776767 -0.383403 1.129251
0.812425 -0.172265 1.002258
0.814657 -0.168664 1.003682
0.886398 -0.402654 1.061994
0.833529 -0.161324 1.018754
0.760351 -0.313872 1.041462
0.603018 -0.321780 1.035732
0.751503 -0.353757 1.056775
0.752660 -0.159901 1.034576
0.778528 -0.248070 1.020055
0.772487 -0.325561 1.062625
0.621763 -0.389506 1.079929
0.623720 -0.413973 1.048240
0.708780 -0.210305 1.037289
0.625511 -0.319061 0.903239
0.779599 -0.347020 1.077836
0.736455 -0.312132 1.014494
0.884298 -0.274132 0.945487
0.704654 -0.395947 1.187292
0.756862 -0.315695 1.001903
0.730732 -0.260886 1.031814
0.762759 -0.313105 1.004034
0.835382 -0.266389 1.009512
0.862059 -0.391618 1.030805
0.781878 -0.344712 1.080932
0.665184 -0.391925 1.134079
0.706634 -0.252737 1.068441
0.861385 -0.389225 1.027037
0.873446 -0.335037 1.230432
0.759713 -0.312071 0.997582
0.670123 -0.213434 0.994278
0.826446 -0.402642 1.075922
0.760041 -0.201992 1.035894
0.734878 -0.333898 1.116526
0.741435 -0.264443 1.049186
0.767136 -0.320392 1.021311
0.773667 -0.307486 1.005085
0.762389 -0.304976 0.988851
0.806586 -0.174012 0.994751
0.768069 -0.235492 1.011819
0.771701 -0.247083 1.012459
Frame ID: 168 Frame Pose: 0.203263 -0.171006 0.195350
ObjectId: 10 ObjectClass: 68 ObjectCenter: 0.924215 -0.256331 0.890263
0.927997 -0.241895 0.903877
0.889008 -0.284482 0.894907
0.896012 -0.286516 0.902441
0.931752 -0.238891 0.907120
0.927566 -0.236667 0.901880
0.888039 -0.257745 0.944409
0.926463 -0.234861 0.901409
1.048541 -0.171730 0.931405
0.935060 -0.265245 0.887539
0.924842 -0.185409 0.857149
0.883766 -0.258324 0.945205
0.904355 -0.234337 0.887765
0.915969 -0.194737 0.883071
0.889732 -0.263550 0.913509
0.951800 -0.320189 0.918748
0.893468 -0.313144 0.906110
0.978961 -0.270454 0.810059
0.885251 -0.259465 0.940156
0.925158 -0.319499 0.932988
0.943619 -0.245592 0.858879
0.931135 -0.288353 0.859697
0.935899 -0.265119 0.891816
0.893985 -0.286838 0.900002
0.910188 -0.321657 0.925595
0.892852 -0.267247 0.913884
0.906780 -0.195825 0.877241
0.925970 -0.263478 0.879967
0.980747 -0.245037 0.884624
0.913708 -0.196250 0.885302
0.930361 -0.228946 0.858841
1.005605 -0.246067 0.815013
0.919475 -0.228770 0.853018
0.922484 -0.323515 0.936461
0.955385 -0.291110 0.880648
0.951056 -0.245670 0.864746
0.898766 -0.288701 0.904054
0.871194 -0.262846 0.938050
0.889232 -0.264398 0.913229
0.945906 -0.252760 0.842836
0.939471 -0.245655 0.856255
0.970435 -0.244923 0.791409
1.003250 -0.245228 0.808084
0.961830 -0.252168 0.852470
0.916493 -0.194709 0.884005
0.894295 -0.256307 0.961064
0.962924 -0.317356 0.932905
0.918309 -0.266000 0.877312
0.930868 -0.186161 0.858484
0.936903 -0.293752 0.939806
0.926251 -0.229787 0.855448
0.904487 -0.198296 0.882870
0.911204 -0.319252 0.941279
0.894845 -0.275545 0.964275
0.880385 -0.258772 0.935286
0.894473 -0.265892 0.917079
0.940247 -0.179394 0.847616
0.952182 -0.236341 0.774259
0.920032 -0.266039 0.883993
0.925962 -0.233947 0.901128
Frame ID: 174 Frame Pose: 0.308265 0.007935 0.066954
ObjectId: 11 ObjectClass: 56 ObjectCenter: 0.817336 0.086620 0.673210
0.813472 -0.023679 0.757990
0.835907 0.006401 0.678555
0.752751 0.090536 0.782572
0.786603 -0.013145 0.773143
0.841053 0.005314 0.683138
0.797898 -0.008729 0.776495
0.838100 0.061684 0.662776
0.802950 -0.026138 0.747601
0.767249 0.044880 0.756998
0.843866 -0.012883 0.782009
0.796015 -0.008310 0.756892
0.694484 -0.036138 0.671146
0.866829 0.003419 0.731604
0.797930 -0.027241 0.742673
0.709887 -0.049672 0.644876
0.839874 -0.066496 0.770210
0.835770 -0.004699 0.710168
0.844427 0.024396 0.626154
0.858402 0.031923 0.636481
0.827823 -0.006829 0.702877
0.882927 0.059791 0.593945
0.792649 -0.007545 0.775473
0.831349 0.100087 0.666021
0.849004 -0.004372 0.572430
0.875073 0.061751 0.589855
0.774555 0.107757 0.729943
0.888822 0.016640 0.573454
0.815844 0.155941 0.641619
0.865754 0.186536 0.595003
1.011324 0.112423 0.653081
0.915479 0.085352 0.582098
0.861916 0.043729 0.605976
0.873265 0.103491 0.564824
0.907124 0.032290 0.584879
0.659602 0.060264 0.573661
0.870063 0.033068 0.637195
0.803531 -0.001742 0.780907
0.840919 0.003907 0.681546
0.849693 -0.011595 0.786775
0.815357 0.146221 0.670613
1.014825 0.038693 0.655993
0.756703 0.040911 0.746500
0.854540 0.096661 0.621056
0.862250 0.158771 0.786330
0.668514 0.119696 0.775147
0.856962 0.016842 0.660707
0.833354 -0.005204 0.707027
0.684910 0.132120 0.789897
0.804012 0.013982 0.760173
1.042866 0.294953 0.679268
0.864727 0.043891 0.605941
0.851110 0.176945 0.585804
0.965660 0.146307 0.605717
0.816502 -0.006112 0.696873
0.823069 0.170844 0.621860
0.844820 0.085484 0.611727
0.850648 0.183935 0.591525
0.880719 0.061439 0.591678
0.836774 0.098381 0.666588
0.769678 0.108331 0.728320
0.863067 0.199364 0.653103
0.843421 0.099846 0.672347
0.793538 0.233297 0.567963
0.737810 0.088394 0.773517
0.844204 0.060964 0.666554
0.796930 0.131988 0.689187
0.995285 0.286528 0.722138
0.890203 0.078538 0.571801
0.822978 -0.015263 0.730545
0.683411 0.130580 0.790527
0.820768 0.027062 0.757145
0.817387 0.154864 0.671208
0.911432 0.110296 0.745143
0.826323 0.193046 0.600164
0.682956 0.132350 0.787187
0.964116 0.090586 0.636348
0.831285 -0.010683 0.740818
0.785194 0.121652 0.712404
0.795490 0.116539 0.769154
0.842135 0.119124 0.647360
0.820066 0.175516 0.622406
0.811556 0.156727 0.639789
0.810758 0.023626 0.712156
0.787402 0.165059 0.553105
0.834471 0.112227 0.639673
0.938445 0.258905 0.628820
0.816711 -0.066981 0.743163
0.828468 0.219428 0.598209
0.887699 0.075583 0.569833
0.827212 0.101249 0.700553
0.881246 0.101950 0.566208
0.852225 0.144828 0.599674
0.792719 0.231886 0.566094
0.870618 0.186690 0.596962
0.777360 0.113066 0.740105
0.819938 -0.017012 0.727365
0.795923 -0.007004 0.782842
0.826920 0.183840 0.622637
0.755627 0.104649 0.722393
0.712740 -0.000103 0.502213
0.844775 0.102980 0.675353
0.783917 0.114510 0.740861
0.899592 0.005881 0.599509
0.802358 -0.022900 0.715751
0.699874 0.075972 0.779222
0.801374 0.019702 0.743586
0.800775 0.236887 0.571169
0.818298 -0.069936 0.743619
0.822876 0.179233 0.622517
0.877734 0.006861 0.741336
0.847146 0.129472 0.621622
0.798712 0.144949 0.660949
0.875641 0.102679 0.629905
0.831197 0.080950 0.689546
0.853017 0.093284 0.617887
0.782981 0.121284 0.712870
0.666536 0.117015 0.775198
0.635948 0.188996 0.603440
0.859721 0.029840 0.633782
0.806341 0.159130 0.637816
0.800660 -0.027404 0.744228
0.739134 0.089048 0.772260
0.870987 0.109857 0.558573
0.689610 0.088993 0.772863
0.804670 0.139547 0.677772
0.806296 0.214176 0.558281
0.789211 0.126257 0.706660
0.881617 0.062135 0.593383
0.824983 0.168130 0.635803
0.874011 0.095589 0.560252
0.689691 0.086718 0.776340
0.888842 0.164871 0.626601
0.650063 0.200330 0.620687
0.757493 0.107430 0.712844
0.765233 0.007427 0.724140
0.678081 0.119687 0.784483
0.688409 0.127076 0.807604
0.836580 0.113985 0.642778
0.861671 0.027630 0.634588
0.845321 0.115788 0.648087
0.831101 -0.006532 0.703635
0.651725 0.201099 0.619700
0.779797 0.148569 0.605748
0.788459 0.227833 0.562778
0.784737 0.115362 0.722027
0.747470 0.091478 0.778957
0.855634 -0.076600 0.784776
0.761548 0.046052 0.752928
0.818205 -0.003585 0.672338
0.797226 0.054318 0.785293
0.778355 -0.012691 0.776221
0.798275 0.053131 0.784566
0.840690 0.064438 0.665846
0.865091 0.046177 0.610627
0.822753 0.168881 0.633800
0.835512 0.018962 0.726476
0.741541 0.087880 0.770417
0.818396 0.153698 0.659103
0.827657 0.083010 0.686603
0.660466 0.207340 0.630413
0.850290 0.097778 0.549723
0.891283 0.076987 0.572530
0.786838 0.115523 0.723609
0.893933 0.111831 0.570581
0.795851 0.126826 0.699627
0.815593 0.153890 0.657141
0.905468 0.110111 0.580559
0.773005 0.105523 0.744407
0.808048 0.140521 0.680618
0.783054 -0.001878 0.758310
0.842937 0.005619 0.682012
0.831329 0.186438 0.602263
0.817651 -0.016014 0.723783
0.824085 0.177911 0.631411
0.659599 0.207590 0.625339
0.740600 0.088695 0.793301
0.881682 0.059391 0.590969
0.865268 0.140116 0.635493
0.848706 0.131097 0.623495
0.824650 -0.022199 0.768499
0.680392 0.127597 0.798779
0.752922 0.097063 0.744269
0.914183 0.036853 0.552454
0.874121 -0.001826 0.589515
0.884484 0.032243 0.650403
0.869652 0.028939 0.637605
0.866951 0.030489 0.636233
0.811347 0.152687 0.653987
0.844482 0.004725 0.681201
0.895422 0.077510 0.573787
0.786686 0.115797 0.723626
0.950936 -0.041475 0.711756
0.803619 0.145014 0.664664
0.816198 -0.007047 0.552072
0.763700 0.102289 0.759823
0.817161 0.092810 0.651472
0.805089 0.137775 0.699598
0.874321 0.155971 0.613684
0.882739 0.059983 0.593859
0.764802 0.105287 0.751746
0.807001 0.137902 0.694927
0.832596 0.107784 0.632031
0.751424 0.116496 0.637463
0.887590 0.076546 0.569273
0.840018 0.130953 0.618799
0.856905 0.145499 0.603101
0.831614 0.194913 0.602518
0.920864 0.040497 0.560795
0.902675 0.081556 0.573068
1.021479 0.169254 0.789774
0.853502 0.142281 0.598110
Frame ID: 186 Frame Pose: 0.218736 -0.093464 0.175287
ObjectId: 13 ObjectClass: 56 ObjectCenter: 1.059065 0.059481 0.534626
1.138340 0.030579 0.484516
1.138340 0.030579 0.484516
1.022295 0.010528 0.633307
1.022295 0.010528 0.633307
1.036178 0.017710 0.637807
1.202214 0.055708 0.492404
0.995882 0.175214 0.525660
1.054558 0.021545 0.650717
1.040252 -0.029382 0.635086
1.144665 0.009481 0.472510
1.145417 0.048272 0.480487
0.943352 0.222261 0.590448
1.046759 -0.028481 0.638535
1.121576 0.023496 0.480376
1.313740 0.093018 0.521453
1.036177 -0.029613 0.632303
1.128358 0.024531 0.482553
1.116374 -0.069300 0.579859
1.016511 0.116378 0.547475
1.037294 0.118108 0.560009
1.112450 0.050619 0.460842
0.845002 0.167121 0.552340
0.843018 0.167529 0.549465
1.065659 -0.075434 0.563048
1.123498 -0.071854 0.588680
Frame ID: 191 Frame Pose: 0.318055 0.032258 0.050245
ObjectId: 14 ObjectClass: 57 ObjectCenter: 1.068645 0.160671 0.408464
1.099264 0.198881 0.468028
1.029762 0.169618 0.453626
1.180119 0.060082 0.397564
0.954430 0.267926 0.544711
1.096732 0.050383 0.444147
1.026083 0.171302 0.454262
1.169162 0.062910 0.394770
1.144161 0.063950 0.454191
1.212151 0.256474 0.502047
1.091777 0.105482 0.424082
1.169829 0.064334 0.393003
0.988823 0.288624 0.517654
1.101687 0.177026 0.429989
1.029158 0.172656 0.456596
1.055258 0.322045 0.567926
0.961974 0.246359 0.535916
0.868090 0.245569 0.429325
0.879126 0.253041 0.431481
1.156969 0.091113 0.344321
1.126630 0.088224 0.348070
1.054580 0.150988 0.450250
1.101051 0.092739 0.425512
1.381711 0.148506 0.370693
0.923205 0.277404 0.444729
1.166092 0.146312 0.266261
1.149713 0.144376 0.265643
1.104129 0.361130 0.559362
0.965317 0.252753 0.546261
0.999806 0.186937 0.515899
1.170284 0.070311 0.389114
1.095867 0.242609 0.253688
1.081074 0.239493 0.251257
1.126067 0.179398 0.281867
1.152930 0.179388 0.285316
1.102903 0.239014 0.253467
1.098982 0.240773 0.254069
1.002266 0.185917 0.516607
1.079756 0.125138 0.427391
1.128992 0.087512 0.350865
1.140553 0.183531 0.283081
1.137780 0.086511 0.343125
1.142799 0.173660 0.283488
0.953293 0.183690 0.377894
0.943103 0.261081 0.526635
1.135353 0.082735 0.346015
1.071855 0.115050 0.443255
1.088254 0.239906 0.251799
1.166369 0.061154 0.392309
1.159931 0.174551 0.283377
1.151016 0.071308 0.381514
0.959357 0.261460 0.530597
1.147011 0.038099 0.429465
0.965866 0.264263 0.534071
1.112450 0.050619 0.460842
1.114237 0.049650 0.458001
1.093491 0.104724 0.425462
1.063763 0.158320 0.423177
1.097733 0.245378 0.253770
0.952928 0.257372 0.527122
1.115708 0.095884 0.381374
1.067428 0.176490 0.386360
1.100610 0.132861 0.341663
1.045135 0.154138 0.417007
1.110849 0.133595 0.344345
0.975014 0.274921 0.551910
1.021699 0.220571 0.315820
1.122329 0.098373 0.385118
1.122077 0.165830 0.275483
0.996559 0.182257 0.512068
1.164848 0.066556 0.390593
1.101576 0.105801 0.426946
1.027797 0.232426 0.319189
1.117910 0.098760 0.384841
1.150356 0.170287 0.282883
Frame ID: 195 Frame Pose: 0.371241 -0.005352 0.022955
ObjectId: 15 ObjectClass: 56 ObjectCenter: 0.902394 0.286573 0.331630
0.904979 0.219848 0.380987
0.943466 0.183600 0.373532
0.839786 0.311814 0.454700
0.910097 0.241592 0.336270
0.831270 0.319769 0.405484
0.929875 0.203595 0.333048
0.900764 0.216772 0.377455
0.933924 0.205772 0.334746
1.018366 0.247395 0.340420
1.069813 0.370706 0.460309
0.903859 0.256283 0.359018
0.850420 0.319661 0.463643
0.792913 0.286870 0.393894
0.907270 0.232044 0.359964
0.908889 0.241306 0.337430
0.912319 0.197968 0.304430
0.901907 0.302683 0.301514
0.951905 0.273465 0.319926
0.900875 0.304863 0.301871
0.898990 0.255492 0.357731
0.906426 0.242124 0.335255
0.915801 0.245376 0.339825
0.959440 0.211842 0.325462
0.908924 0.229375 0.356890
0.843026 0.309687 0.453430
0.936722 0.180954 0.371948
0.885734 0.265811 0.411161
0.818141 0.298935 0.446460
0.912208 0.280612 0.342757
0.907476 0.229492 0.355354
0.890927 0.280893 0.388739
0.909864 0.301632 0.300790
0.922843 0.308891 0.303371
0.912368 0.312761 0.232598
0.905216 0.219085 0.379552
0.899294 0.433391 0.318793
0.901049 0.218127 0.377479
0.933703 0.299837 0.278798
0.859463 0.404472 0.311438
0.861144 0.406618 0.311220
0.926097 0.319847 0.202748
0.903705 0.219239 0.377672
0.966558 0.317645 0.280926
0.906988 0.272306 0.336902
0.924761 0.201756 0.315778
0.948963 0.262560 0.341276
0.916781 0.285062 0.274907
0.903205 0.255360 0.358281
0.907635 0.251993 0.313789
0.857536 0.339200 0.419195
0.906276 0.254429 0.360079
0.900811 0.253473 0.356459
0.949888 0.184931 0.375022
0.914407 0.242863 0.335944
0.984912 0.228220 0.339314
0.919071 0.262082 0.361154
0.927043 0.310821 0.301988
0.907754 0.311733 0.232480
0.973537 0.353629 0.238404
0.898360 0.268948 0.337129
0.901958 0.307416 0.229410
0.889351 0.338491 0.235637
0.913669 0.313312 0.232811
0.923796 0.290439 0.277474
0.924427 0.316265 0.302622
0.922986 0.303579 0.255380
0.887937 0.279281 0.387695
0.912005 0.241707 0.336299
1.006374 0.355718 0.206082
0.886778 0.350507 0.301821
0.920777 0.276111 0.299419
0.922081 0.342229 0.261609
0.908834 0.230887 0.357477
0.848813 0.317884 0.463855
0.876898 0.260179 0.405092
0.910089 0.265895 0.290530
0.951992 0.208502 0.322734
0.903686 0.276329 0.269228
0.943410 0.207019 0.313900
0.898429 0.354871 0.302116
0.920081 0.187176 0.347391
0.909887 0.231541 0.358944
0.889226 0.287057 0.366122
0.908554 0.266344 0.291487
0.927070 0.285240 0.199333
0.914775 0.269155 0.294426
0.845379 0.403166 0.285080
0.905583 0.182155 0.339487
0.920541 0.184927 0.347513
0.891922 0.302812 0.224073
0.853152 0.413479 0.290854
0.849360 0.318511 0.465297
0.916067 0.187533 0.343688
0.818609 0.342141 0.328273
0.910271 0.184694 0.341210
0.826933 0.390522 0.278107
0.906080 0.278155 0.270496
0.852731 0.387186 0.304905
0.924607 0.228249 0.265562
0.882719 0.344830 0.299555
0.907537 0.225340 0.279464
0.883639 0.263152 0.408806
0.907403 0.220796 0.278684
0.881199 0.290701 0.335847
0.839541 0.378998 0.301131
0.930515 0.232876 0.268000
0.948577 0.188575 0.375125
0.901906 0.219310 0.254878
0.945346 0.207908 0.319130
0.833591 0.345580 0.344058
0.871237 0.254296 0.395641
0.901206 0.253119 0.311360
0.869589 0.239393 0.421145
0.927319 0.181901 0.366638
0.823229 0.364308 0.300779
0.897526 0.276613 0.315003
0.925876 0.201629 0.311775
0.895390 0.286529 0.365957
0.911824 0.254651 0.313646
0.679767 0.150391 0.229847
0.972546 0.246469 0.281237
0.899495 0.280287 0.318041
0.879684 0.259547 0.404467
1.127623 0.425168 0.437137
0.852061 0.314341 0.251221
0.893043 0.342147 0.236177
0.875245 0.425416 0.302156
0.849840 0.409611 0.288745
0.926521 0.293622 0.330605
1.115446 0.398571 0.460166
0.950867 0.245193 0.267715
0.887257 0.269823 0.259880
0.914836 0.383396 0.416322
0.906441 0.378988 0.411621
0.903319 0.308917 0.224687
Frame ID: 195 Frame Pose: 0.352775 -0.051778 0.055978
ObjectId: 16 ObjectClass: 56 ObjectCenter: 0.904196 0.398191 0.102465
1.101051 0.092739 0.425512
0.868090 0.245569 0.429325
1.096732 0.050383 0.444147
0.961974 0.246359 0.535916
1.026083 0.171302 0.454262
1.169162 0.062910 0.394770
1.104129 0.361130 0.559362
0.923205 0.277404 0.444729
1.169829 0.064334 0.393003
1.054580 0.150988 0.450250
0.988823 0.288624 0.517654
1.144161 0.063950 0.454191
1.091777 0.105482 0.424082
1.029158 0.172656 0.456596
1.029158 0.172656 0.456596
0.879126 0.253041 0.431481
1.098001 0.283599 0.167102
0.975677 0.343826 0.196866
1.023561 0.382826 0.196726
1.093749 0.319864 0.090796
0.981098 0.265316 0.097180
1.091929 0.325583 0.093372
1.107181 0.281156 0.075169
0.992618 0.467807 0.247557
1.101672 0.278985 0.075608
1.100952 0.278111 0.074270
1.087265 0.279132 0.164659
1.054321 0.340764 0.174113
1.098724 0.283793 0.167613
0.921013 0.350322 0.168718
1.099236 0.284183 0.167675
1.083410 0.310492 0.105511
1.100050 0.324746 0.091369
1.097579 0.252733 0.148894
1.121326 0.227951 0.093910
1.091901 0.333687 0.044186
1.081665 0.302239 0.031905
1.093903 0.308365 0.031247
1.066115 0.346731 0.109939
1.029296 0.356800 0.061938
1.036166 0.359643 0.063662
1.082893 0.303981 0.084140
1.103338 0.285678 0.165807
0.909767 0.370491 0.156917
0.929838 0.383863 0.157995
0.889049 0.462671 0.205734
0.946067 0.366544 0.111657
0.963198 0.337988 0.133227
0.864255 0.417940 0.127179
0.928337 0.380099 0.155908
0.932918 0.367437 0.079689
0.825154 0.470637 0.133747
0.956216 0.392508 0.153273
0.934191 0.374599 0.065644
0.980951 0.401185 0.062896
0.887972 0.430546 0.087110
0.921170 0.412360 0.054954
0.844157 0.452321 0.103834
0.933143 0.391061 0.029501
0.892620 0.433623 0.087776
0.911832 0.443720 0.073533
0.959912 0.611154 0.100355
0.935002 0.381786 0.047138
0.920492 0.454063 0.087210
0.929691 0.419608 0.055712
0.905469 0.424216 0.050645
0.935926 0.382409 0.046698
0.909103 0.427961 0.049991
0.902032 0.441133 0.074773
0.924197 0.375780 0.153735
0.881231 0.452784 0.205582
0.963755 0.391283 0.068209
0.906469 0.395806 0.052423
0.890524 0.415526 0.084400
0.854224 0.506664 0.102856
0.958521 0.420209 0.015507
0.880089 0.422091 0.085272
0.838545 0.450439 0.099100
0.918249 0.354815 -0.002920
0.891336 0.439831 0.041387
0.915031 0.404953 0.053295
0.895707 0.421172 0.036691
0.833201 0.444456 0.100019
0.923016 0.574664 0.102756
0.916948 0.408224 0.053455
1.018201 0.429625 -0.023359
0.882774 0.436771 0.038867
0.901461 0.438246 0.071998
0.836557 0.508478 0.071271
0.930373 0.389758 0.029862
0.961182 0.388687 0.067027
0.937159 0.476293 0.037145
0.928999 0.583192 0.101998
0.980234 0.450862 0.054111
0.847884 0.444757 0.011875
0.886711 0.556148 0.072765
1.001048 0.418670 -0.020063
0.858488 0.409481 0.123176
0.955834 0.444863 0.099042
0.868623 0.473573 0.102589
0.830611 0.446684 0.051292
0.911169 0.385033 0.012733
0.813409 0.453538 0.032839
0.847126 0.453714 0.074187
0.932557 0.359636 0.109752
0.926213 0.390485 0.032872
0.929456 0.457616 0.081818
0.894503 0.419352 0.037347
0.885447 0.427308 0.085774
0.938427 0.395372 0.032298
0.932280 0.391645 0.029599
0.947806 0.375512 -0.008105
0.911806 0.442298 0.066050
0.828829 0.450215 0.075285
0.812521 0.485918 0.068448
0.928882 0.388480 0.029779
0.769732 0.438403 0.074516
0.807820 0.492949 0.033117
0.891645 0.345045 0.079600
0.835746 0.451578 -0.005202
0.885636 0.471728 0.011464
0.813342 0.470656 0.030433
0.908622 0.346631 0.111750
0.847844 0.501465 0.026927
0.887044 0.493697 -0.013557
0.944677 0.371378 0.096730
0.939041 0.384310 0.048413
0.937034 0.375802 0.063944
0.908358 0.454714 0.107528
0.968505 0.488098 0.041760
0.936515 0.364015 0.097268
0.839656 0.491803 0.028559
0.916538 0.454688 0.042950
0.818823 0.453993 0.039844
0.913468 0.370659 0.153549
0.910190 0.415144 0.097870
0.823318 0.442207 -0.005136
0.871684 0.558833 0.031696
0.840675 0.527181 0.032429
0.849484 0.448581 0.009648
0.906360 0.369825 0.156632
0.824871 0.470498 0.018938
0.893927 0.523685 0.027071
0.758472 0.431783 0.018229
0.847092 0.462358 0.000822
0.782053 0.467559 0.014679
0.794739 0.416955 -0.000155
0.882861 0.433801 0.102458
0.761627 0.449008 0.045911
0.844397 0.438408 0.013519
0.853286 0.492913 0.018065
0.829372 0.445753 0.051040
0.880245 0.443385 0.047578
0.907314 0.440336 0.042472
0.876464 0.444524 0.072672
0.892269 0.441298 0.109362
0.905297 0.568756 0.073819
0.854538 0.521131 0.043213
0.750119 0.425200 0.017552
0.884593 0.455675 0.206698
0.806212 0.461458 -0.009347
0.822634 0.452099 -0.005774
0.880536 0.444815 0.048796
0.839131 0.453013 0.095787
0.810947 0.462791 -0.024679
0.803530 0.456375 -0.024418
0.787715 0.443136 -0.023005
0.887960 0.454246 0.180955
0.956540 0.397201 0.051842
0.900849 0.447140 0.107113
0.880637 0.445805 0.046540
0.927135 0.363138 0.079634
0.922053 0.394225 0.013485
1.011302 0.408297 -0.008206
0.745372 0.436946 0.043391
0.868709 0.424413 0.128804
0.804183 0.449935 -0.025699
0.821846 0.455710 0.038331
0.884139 0.433052 0.128216
0.829829 0.423263 0.042410
0.820842 0.450983 -0.006373
0.775318 0.446380 0.017425
0.772886 0.432234 0.133702
0.778366 0.438925 0.031084
0.960175 0.532791 0.012913
0.896511 0.477116 0.011493
0.886356 0.446650 0.103586
0.848961 0.418342 0.100985
0.891890 0.416173 0.085739
0.809040 0.454907 0.020565
0.790895 0.418245 0.203300
0.873818 0.495096 -0.004205
0.873129 0.504102 0.243827
0.705133 0.377083 0.074007
0.810261 0.497597 0.065770
0.788248 0.446329 -0.024972
0.912062 0.349118 0.094503
0.809933 0.471829 0.074711
0.809346 0.471677 0.074610
0.756786 0.413925 0.127306
0.922659 0.355892 0.094157
0.792006 0.478112 0.031493
0.930928 0.379251 0.047404
0.889633 0.447304 0.035270
0.883860 0.446420 0.108613
0.875676 0.449392 0.194478
0.806512 0.457003 0.074994
0.813549 0.411266 0.013407
0.818250 0.448290 -0.006189
0.800251 0.436309 0.037955
0.917896 0.364636 0.063091
0.693342 0.366799 0.070464
0.790055 0.463246 0.016592
0.924398 0.367742 0.063614
0.832351 0.448824 0.050886
0.869455 0.435094 0.104065
0.803579 0.294359 0.128631
0.891203 0.433252 0.088034
0.813164 0.501096 0.046934
0.843052 0.446635 0.078175
0.768699 0.422486 0.126830
0.817950 0.456968 0.033615
0.722667 0.394396 0.080182
0.775028 0.278844 0.124917
0.693304 0.186314 0.106800
0.786271 0.469164 0.065329
0.744637 0.428616 0.074497
0.787616 0.284022 0.127319
0.889557 0.456411 0.071957
0.895681 0.463741 0.189322
0.854100 0.459181 0.075823
0.837398 0.473235 0.031890
0.843821 0.522865 0.043762
0.897103 0.434623 0.069752
0.909655 0.418064 0.059833
0.910567 0.418451 0.060435
0.761231 0.325549 0.088841
0.838098 0.463160 0.068110
0.843585 0.436076 0.015543
0.844031 0.452447 0.103354
Frame ID: 199 Frame Pose: 0.308265 0.007935 0.066954
ObjectId: 17 ObjectClass: 60 ObjectCenter: 0.700257 0.336458 0.352618
0.748496 0.385447 0.391055
0.753767 0.386112 0.376307
0.743502 0.313775 0.380179
0.666873 0.309039 0.351804
0.650415 0.298216 0.331479
0.740670 0.314407 0.388843
0.684580 0.179990 0.596532
0.649111 0.189369 0.601116
0.678282 0.313849 0.354122
0.810286 0.317828 0.373349
0.651725 0.201099 0.619700
0.675668 0.323513 0.336222
0.757202 0.293733 0.343595
0.749635 0.308718 0.362863
0.739076 0.324063 0.376947
0.670803 0.309175 0.352966
0.806641 0.328829 0.353898
0.713146 0.292169 0.373098
0.758144 0.282942 0.361312
0.762076 0.285789 0.362026
0.750416 0.302157 0.354945
0.676040 0.320737 0.370546
0.664237 0.375909 0.303237
0.697513 0.320317 0.385025
0.680052 0.299703 0.329354
0.697075 0.378277 0.307651
0.638895 0.304968 0.363475
0.731275 0.407032 0.310622
0.768746 0.300390 0.351777
0.690272 0.404025 0.313938
0.752644 0.312635 0.360895
0.710762 0.307327 0.339984
0.650063 0.200330 0.620687
0.659599 0.207590 0.625339
0.750767 0.368897 0.411883
0.620228 0.188279 0.597103
0.735039 0.274086 0.345974
0.706134 0.395091 0.289680
0.693572 0.428239 0.278478
0.662280 0.328974 0.340416
0.648983 0.397380 0.329160
0.638007 0.386384 0.324591
0.654935 0.395653 0.269021
0.724366 0.337260 0.339573
0.637591 0.302857 0.364322
0.705238 0.383656 0.307829
0.700608 0.380519 0.307260
0.643743 0.385726 0.325738
0.676971 0.185483 0.551235
0.748855 0.309479 0.364000
0.682405 0.313509 0.388440
0.696981 0.297729 0.334478
0.707419 0.450386 0.269558
0.680289 0.320112 0.382083
0.692232 0.294391 0.335125
0.755835 0.287360 0.358623
0.651609 0.317307 0.368039
0.652707 0.298852 0.367165
0.668897 0.409608 0.256281
0.739103 0.414133 0.243068
0.678245 0.443650 0.259597
0.653965 0.301056 0.368666
0.678131 0.421553 0.257801
0.661674 0.406576 0.267237
0.742348 0.418462 0.243185
0.699461 0.383976 0.310128
0.694911 0.474814 0.230754
0.708367 0.443612 0.281890
0.674840 0.342917 0.346842
0.759758 0.323292 0.369076
0.775669 0.389478 0.237816
0.793318 0.405075 0.241753
0.687391 0.465478 0.229568
0.686914 0.422184 0.278473
0.699036 0.387309 0.283271
0.698246 0.478475 0.232293
0.791778 0.402800 0.238761
0.726480 0.425227 0.240976
Frame ID: 199 Frame Pose: 0.276706 -0.026277 0.111538
ObjectId: 18 ObjectClass: 57 ObjectCenter: 1.063318 -0.022592 0.598948
1.138340 0.030579 0.484516
1.037294 0.118108 0.560009
0.843018 0.167529 0.549465
1.065659 -0.075434 0.563048
1.112450 0.050619 0.460842
1.123498 -0.071854 0.588680
1.128358 0.024531 0.482553
1.016511 0.116378 0.547475
1.036177 -0.029613 0.632303
1.116374 -0.069300 0.579859
1.121576 0.023496 0.480376
1.145417 0.048272 0.480487
1.046759 -0.028481 0.638535
0.950936 -0.041475 0.711756
1.040252 -0.029382 0.635086
1.117905 -0.060732 0.568259
1.127235 -0.076752 0.592039
1.104948 -0.102993 0.620706
1.073924 -0.079898 0.654715
1.091271 -0.103061 0.626721
1.057494 -0.071058 0.669774
1.077551 -0.071643 0.677014
0.995554 -0.056813 0.726338
0.957175 -0.023360 0.676650
1.060344 -0.071230 0.672900
1.080177 -0.071108 0.647013
1.095993 0.020843 0.470760
Frame ID: 221 Frame Pose: 0.370964 -0.022783 0.047025
ObjectId: 19 ObjectClass: 56 ObjectCenter: 1.042668 0.310051 0.113299
1.091901 0.333687 0.044186
1.093749 0.319864 0.090796
0.975677 0.343826 0.196866
0.921013 0.350322 0.168718
0.981098 0.265316 0.097180
1.100050 0.324746 0.091369
1.099236 0.284183 0.167675
1.083410 0.310492 0.105511
1.091929 0.325583 0.093372
1.066115 0.346731 0.109939
1.093903 0.308365 0.031247
1.029296 0.356800 0.061938
1.107181 0.281156 0.075169
1.081665 0.302239 0.031905
1.074519 0.309652 0.191852
1.036166 0.359643 0.063662
1.101672 0.278985 0.075608
1.056485 0.292916 0.035655
1.054321 0.340764 0.174113
1.082893 0.303981 0.084140
1.097579 0.252733 0.148894
1.098724 0.283793 0.167613
1.036109 0.361352 0.062444
1.071641 0.310428 0.191772
1.100952 0.278111 0.074270
1.059900 0.293792 0.035063
1.057746 0.345650 0.109609
1.086774 0.326596 0.093387
1.033415 0.360826 0.064263
1.103338 0.285678 0.165807
1.098001 0.283599 0.167102
1.087265 0.279132 0.164659
1.075976 0.353334 0.045056
1.135084 0.267226 0.152700
1.017250 0.349251 0.059248
0.944111 0.362790 0.164831
1.111928 0.314848 0.083811
1.086555 0.314017 0.105646
1.133160 0.262134 0.114830
1.031299 0.288220 0.094747
1.059007 0.347568 0.046655
1.047577 0.338719 0.111188
1.125703 0.297151 0.172009
1.051270 0.340233 0.112414
0.974504 0.342375 0.197222
1.000661 0.363524 0.026768
0.991785 0.356751 0.188858
1.161958 0.271952 0.155720
0.958249 0.344635 0.180385
1.149098 0.215938 0.130211
0.889980 0.342403 0.164137
0.831114 0.351919 0.200775
1.003337 0.364402 0.027341
1.093231 0.294966 0.045212
1.096378 0.291775 0.145286
1.121326 0.227951 0.093910
1.004859 0.364501 0.027824
0.970391 0.300126 0.158911
1.080627 0.310286 0.193822
1.096553 0.215376 0.101785
1.123011 0.228225 0.145395
1.064393 0.302930 0.105173
1.121093 0.323387 0.198577
1.071478 0.216592 0.138441
1.179308 0.239917 0.107102
1.093117 0.271541 0.023313
1.061431 0.381528 0.220478
1.239126 0.428632 0.054574
1.123147 0.376029 0.049076
1.012471 0.463527 0.261676
1.035771 0.394380 0.177383
1.077117 0.301447 0.029028
1.006374 0.355718 0.206082
1.136732 0.239437 0.084059
1.129690 0.345234 0.041760
1.104073 0.368367 0.046296
1.098941 0.327356 0.092447
1.001927 0.362879 0.032463
0.744669 0.216412 0.115770
0.716913 0.200168 0.111019
0.693304 0.186314 0.106800
1.050867 0.268775 0.057223
1.062777 0.312938 0.054052
Frame ID: 251 Frame Pose: 0.352775 -0.051778 0.055978
ObjectId: 20 ObjectClass: 72 ObjectCenter: 1.023540 0.442281 -0.170085
1.140242 0.644781 -0.276368
1.011774 0.467588 -0.120398
0.968700 0.504012 -0.194620
1.014791 0.469839 -0.118047
1.036545 0.412309 -0.146623
1.033481 0.482689 -0.122051
0.915355 0.387525 -0.251887
0.939295 0.403483 -0.264315
1.035139 0.483634 -0.118485
1.021598 0.401688 -0.139996
1.020694 0.474354 -0.118885
0.960539 0.418182 -0.273512
0.972814 0.506470 -0.208143
1.021482 0.401191 -0.138980
0.942522 0.383135 -0.278129
0.978001 0.519237 -0.206418
1.026693 0.404748 -0.140691
1.084486 0.325352 -0.123125
1.041389 0.415498 -0.148339
1.064772 0.575767 -0.245458
1.043938 0.417269 -0.150931
1.028618 0.298392 -0.112847
1.054672 0.385559 -0.112969
1.049819 0.578175 -0.230325
1.002639 0.528359 -0.218211
1.053618 0.419178 -0.126795
1.071324 0.350660 -0.137118
1.034229 0.405728 -0.119551
1.042029 0.302465 -0.114585
