ObjectId: 1  ObjectCenter: -0.055433 0.040690 1.002601
-0.009919 0.045366 1.032841
-0.120656 0.043043 1.031361
-0.008278 0.042227 1.009388
-0.018549 0.061540 0.864997
-0.101072 0.020076 1.110026
-0.025322 0.069967 0.984599
-0.006649 0.040191 0.951994
-0.008930 0.046919 1.072631
-0.073320 0.009798 0.865687
-0.006582 0.039653 1.017980
-0.027517 0.067166 1.106852
-0.086252 0.020102 1.012270
-0.006939 0.040896 1.009610
-0.016189 0.046285 1.110748
-0.016681 0.048808 0.891918
-0.079875 0.046979 1.005556
-0.027467 0.068716 0.987720
-0.098991 0.017176 1.073953
-0.025949 0.066357 0.930366
-0.024879 0.069542 0.962326
-0.121748 0.041437 1.034930
-0.124064 0.046337 1.042346
-0.103666 0.038759 0.895975
-0.093465 0.047438 1.019964
-0.025502 0.058464 1.089352
-0.066226 0.038212 0.974116
-0.045754 0.014491 1.034083
-0.077350 0.039475 0.878774
-0.102365 0.020282 0.890476
-0.047036 0.055309 1.083845
-0.010486 0.049485 1.122291
-0.071416 0.010235 1.099465
-0.028880 0.071412 1.027038
-0.085248 0.011439 0.955038
-0.052219 0.013175 1.045089
-0.127714 0.023243 1.040507
-0.129840 0.036978 1.024080
-0.106303 0.026100 0.907057
-0.108655 0.019842 1.158760
-0.042052 0.055191 1.044461
ObjectId: 3  ObjectCenter: 0.559690 -0.182064 1.127207
0.418646 -0.244956 1.102855
0.503812 -0.202685 1.152262
0.418837 -0.164920 1.041337
0.381144 -0.090363 1.059392
0.407658 -0.099713 1.161645
0.376269 -0.091246 1.069799
0.468912 -0.171683 1.073897
0.441774 -0.159646 1.009538
0.405993 -0.112875 1.176427
0.524466 -0.156238 1.058058
0.599950 -0.202909 1.326308
0.632099 -0.191037 1.294541
0.515911 -0.166841 1.086538
0.456949 -0.166284 1.043164
0.474438 -0.183279 1.118046
0.578740 -0.199009 1.206976
0.559000 -0.169597 1.102146
0.675475 -0.221743 1.380560
0.544849 -0.170827 1.140075
0.505658 -0.167013 1.103084
0.543243 -0.188883 1.231143
0.362846 -0.108790 1.028853
0.341348 -0.074284 0.982824
0.423179 -0.246028 1.117247
0.359840 -0.104487 1.021981
0.393291 -0.209290 1.038611
0.339242 -0.097913 0.961797
0.433672 -0.254867 1.154055
0.401639 -0.085710 1.181883
0.417298 -0.242945 1.102955
0.409337 -0.114082 1.192930
0.463608 -0.244013 1.129023
0.567869 -0.182678 1.163042
0.359126 -0.077982 1.029376
0.406989 -0.211155 1.094661
0.650960 -0.052222 1.187195
0.516759 -0.034484 0.934096
0.658256 -0.041773 1.211004
0.665186 -0.048832 1.257954
0.646371 -0.045812 1.175123
0.552160 -0.167190 0.970925
0.579005 -0.064571 1.035250
0.540718 -0.114596 1.074109
0.631724 -0.091302 1.087188
0.624571 -0.193419 1.070287
0.553676 -0.059987 0.999499
0.476900 -0.176436 1.096447
0.639242 -0.199031 1.097814
0.609945 -0.065955 1.088216
0.615699 -0.191324 1.059232
0.520045 -0.167521 1.048154
0.641922 -0.060400 1.123160
0.624269 -0.070155 1.117843
0.420076 -0.228639 1.123047
0.635782 -0.056096 1.113693
0.610604 -0.051709 1.073402
0.422401 -0.227820 1.131447
0.616914 -0.189367 1.053390
0.519720 -0.107405 1.016932
0.676570 -0.107709 1.170506
0.657990 -0.100395 1.136104
0.720600 -0.199709 1.306325
0.636570 -0.174988 1.128788
0.642740 -0.182438 1.214244
0.638818 -0.046771 1.201524
0.417746 -0.216654 1.133719
0.663581 -0.091188 1.148117
0.368055 -0.079355 1.068961
0.455725 -0.173318 1.041751
0.523666 -0.175801 1.105315
0.590290 -0.188920 1.222213
0.586789 -0.166110 1.089164
0.539191 -0.184347 1.146295
0.567349 -0.209346 1.314187
0.603585 -0.052493 1.090684
0.490392 -0.185341 1.137244
0.534842 -0.169169 1.084133
0.621781 -0.199113 1.316955
0.572451 -0.097064 0.949922
0.539341 -0.170548 1.100684
0.617613 -0.217153 1.319731
0.502622 -0.178430 1.111892
0.598907 -0.356231 1.259563
0.551456 -0.324756 1.131229
0.414699 -0.243009 1.094345
0.538569 -0.310276 1.087341
0.479240 -0.288414 1.016466
0.595254 -0.364335 1.269707
0.509556 -0.306345 1.152943
0.616787 -0.140274 1.094313
0.646932 -0.247462 1.079735
0.673818 -0.232427 1.152904
0.674667 -0.257912 1.127577
0.635569 -0.182526 1.132320
0.699826 -0.270205 1.100667
0.626683 -0.265301 1.066145
0.607517 -0.353549 1.093828
0.615809 -0.241175 1.063981
0.670220 -0.248128 1.091130
0.663183 -0.330366 1.095577
0.679795 -0.239890 1.098575
0.626494 -0.293769 1.330403
0.776301 -0.317398 1.140084
0.626903 -0.218022 1.042182
0.746249 -0.292755 1.094533
0.621832 -0.238072 1.133329
0.334680 -0.103549 0.927884
0.659029 -0.204994 1.135432
0.812277 -0.161712 1.181558
0.766687 -0.323350 1.156563
0.722000 -0.271206 1.091581
0.685636 -0.207171 1.179988
ObjectId: 4  ObjectCenter: 0.063589 -0.183011 1.029141
0.001276 -0.109299 1.140103
-0.112254 -0.127529 1.047261
0.264340 -0.146534 0.998858
-0.000713 -0.109746 1.127075
0.255665 -0.178840 1.045260
-0.178903 -0.307667 0.945660
0.241709 -0.163930 0.990304
0.026304 -0.055561 1.074751
-0.000713 -0.109746 1.127075
0.005140 -0.073285 1.056217
0.112857 -0.116641 1.063436
-0.148722 -0.157781 0.909692
0.241709 -0.163930 0.990304
0.190091 -0.143923 1.185234
0.116094 -0.122494 1.073134
0.257429 -0.175072 1.044432
0.069163 -0.127433 0.948851
0.257429 -0.175072 1.044432
0.241709 -0.163930 0.990304
0.089792 -0.128272 1.009548
0.115264 -0.117437 1.056780
0.056893 -0.146437 1.123945
0.007350 -0.119936 0.960928
0.283798 -0.155350 1.069879
0.257429 -0.175072 1.044432
0.252825 -0.159954 0.995483
0.257429 -0.175072 1.044432
0.068678 -0.126067 0.934165
-0.103204 -0.102492 0.942930
-0.129176 -0.101255 1.077648
-0.112755 -0.128514 1.038626
-0.112901 -0.127321 1.042227
-0.000778 -0.114465 1.144557
0.299469 -0.169234 1.137560
0.195690 -0.144416 1.183685
0.122813 -0.124109 1.095274
0.249804 -0.508660 1.048380
0.219646 -0.443632 0.900049
-0.005003 -0.110266 1.087211
0.266341 -0.277170 0.922116
-0.116366 -0.121847 1.064335
0.057217 -0.125142 1.024521
-0.147819 -0.378985 0.862853
0.131959 -0.113528 0.991801
0.196436 -0.146444 1.193838
0.126589 -0.110123 0.940648
-0.143890 -0.392334 0.890642
-0.148470 -0.379822 0.864025
-0.116658 -0.134367 1.042929
-0.150012 -0.382598 0.866091
-0.115835 -0.124531 1.030040
-0.144427 -0.388833 0.884593
-0.146169 -0.387445 0.867215
-0.127217 -0.106901 0.912745
0.007769 -0.121959 1.149051
-0.112176 -0.134549 1.028170
-0.111277 -0.131312 1.041958
0.123155 -0.112998 0.981961
-0.114922 -0.130311 1.034474
-0.143062 -0.408231 0.914611
-0.139621 -0.369422 0.852171
0.007202 -0.106577 1.127109
0.003224 -0.117917 1.161411
ObjectId: 5  ObjectCenter: -0.459985 -0.022284 0.956333
-0.183529 -0.294338 0.997636
-0.298141 0.095333 1.006438
-0.402240 0.177147 0.953961
-0.322498 0.020456 1.007715
-0.159331 -0.236146 1.263685
-0.174070 -0.093742 0.982886
-0.202989 -0.254752 0.847549
-0.667106 -0.098278 0.551533
-0.330777 0.027906 0.943417
-0.524004 0.157802 0.910686
-0.330832 0.022547 1.015899
-0.654487 -0.090865 0.524276
-0.194040 -0.075064 0.900307
-0.170141 -0.169142 0.989118
-0.524969 0.159176 0.883765
-0.329524 0.018193 1.040440
-0.669583 -0.100794 0.558477
-0.688279 -0.001076 0.735742
-0.731616 0.048979 1.020631
-0.168057 -0.181093 1.003404
-0.631552 0.069498 0.678218
-0.518468 0.157757 0.875326
-0.179438 -0.084676 1.015671
-0.321642 0.033923 0.916360
-0.613288 0.194464 0.888224
-0.592754 0.193658 0.788071
-0.175871 -0.084853 0.971254
-0.326382 0.023568 1.022704
-0.377978 0.021086 1.056453
-0.359771 0.063823 0.907942
-0.573596 0.037610 0.766178
-0.592441 0.041794 0.745279
-0.437690 0.025002 0.964077
-0.528414 -0.000664 0.895119
-0.522406 0.141568 0.916685
-0.503263 0.207170 0.767208
-0.465208 0.027140 0.952402
-0.256870 -0.022748 0.976133
-0.432078 0.025421 0.961513
-0.669706 -0.098005 0.598233
-0.548386 0.065401 1.050096
-0.771879 0.030691 1.095873
-0.924273 0.059518 1.113461
-0.538933 -0.022725 1.170452
-0.763363 0.025950 1.111028
-0.767592 0.028602 1.095059
-0.631575 -0.118910 1.173160
-0.634771 -0.117713 1.169054
-0.768332 -0.069835 1.208787
-0.651539 -0.171549 1.117829
-0.644023 -0.168527 1.129099
-0.726330 -0.081375 1.130424
-0.767385 0.029777 1.105309
-0.816830 0.054364 1.069105
-0.524056 -0.241235 1.066379
-0.527669 -0.245928 1.064879
-0.542780 -0.179455 1.320986
-0.598381 -0.157374 1.289206
-0.165263 -0.096221 1.004433
-0.161132 -0.148923 0.990188
-0.162999 -0.145529 0.984931
-0.166865 -0.163195 1.108598
-0.297366 0.099772 0.991609
-0.588861 0.197101 0.756110
-0.649862 0.033926 0.689259
-0.580108 0.190736 0.729783
-0.358153 0.018712 0.904869
-0.349411 0.021036 0.888945
-0.300975 0.085922 1.024097
-0.572841 0.197392 0.701690
-0.189344 -0.273476 0.886774
-0.167109 -0.164154 0.946182
-0.170845 -0.162580 0.955308
-0.307349 0.123592 0.969528
-0.509755 0.159280 0.827527
-0.587948 0.199618 0.756999
-0.333234 0.019215 1.033036
-0.333984 0.017301 1.046744
-0.385207 0.063867 0.842400
-0.158467 -0.156443 0.987427
-0.224315 -0.386352 0.823155
-0.159312 -0.232059 1.253073
-0.283585 -0.015812 1.099126
-0.164649 -0.147548 0.975694
-0.489243 0.151745 0.756416
-0.299734 0.073347 0.960191
-0.454014 0.167752 0.840592
ObjectId: 6  ObjectCenter: -0.187170 0.232018 0.795290
-0.143193 0.273633 0.841923
-0.247618 0.211662 0.831555
-0.194037 0.157138 0.864703
-0.163639 0.172779 0.846776
-0.382261 0.334208 0.705131
-0.166184 0.134130 0.878529
-0.123434 0.132920 0.887830
-0.382995 0.333925 0.707005
-0.357444 0.312158 0.727632
-0.200772 0.175518 0.837789
-0.123825 0.133898 0.886501
-0.116205 0.244483 0.826605
-0.384304 0.336848 0.720117
-0.198326 0.155244 0.861107
-0.105237 0.185299 0.830178
-0.104844 0.188239 0.831992
-0.162102 0.176015 0.855404
-0.125958 0.103213 0.844027
-0.122528 0.238721 0.778709
-0.124341 0.133845 0.877569
-0.304022 0.258091 0.766560
-0.248128 0.207783 0.823817
-0.304083 0.258101 0.778682
-0.249185 0.209845 0.854040
-0.251159 0.204795 0.825778
-0.303315 0.259385 0.776083
-0.381914 0.333659 0.702087
-0.387395 0.347696 0.771765
-0.114446 0.237406 0.811093
-0.081308 0.205368 0.838490
-0.107640 0.187159 0.829539
-0.302846 0.259677 0.762532
-0.321902 0.350269 0.713112
-0.269216 0.418779 0.639747
-0.229601 0.350050 0.692582
-0.166245 0.178242 0.838609
-0.271419 0.417348 0.641239
-0.134293 0.242196 0.746012
-0.419929 0.350400 0.736668
-0.349545 0.352062 0.692130
-0.221765 0.335575 0.695637
-0.352667 0.312774 0.773985
-0.164311 0.169873 0.861106
-0.348127 0.350121 0.692759
-0.266883 0.418950 0.624810
-0.350391 0.351215 0.690995
-0.250074 0.206759 0.834744
-0.382048 0.332592 0.707708
-0.270287 0.418062 0.637662
-0.190325 0.277952 0.742074
-0.239174 0.355009 0.699252
-0.357702 0.305481 0.727904
-0.235385 0.349121 0.695131
-0.089810 0.096582 0.927011
-0.006878 0.152246 0.870794
-0.267166 0.426867 0.657398
-0.222433 0.331574 0.704331
-0.360060 0.309886 0.728790
-0.197560 0.154319 0.864107
0.011621 0.153629 0.888113
0.019027 0.153169 0.902240
-0.419018 0.356236 0.725732
-0.272194 0.416631 0.644046
-0.265001 0.414277 0.645980
-0.416763 0.358749 0.697974
0.005259 0.160221 0.869385
0.012857 0.153267 0.882822
-0.356229 0.310554 0.730422
-0.006643 0.189097 0.766334
-0.419992 0.339757 0.736983
-0.274308 0.416823 0.634513
-0.419877 0.343854 0.742624
-0.421181 0.346711 0.729389
-0.416562 0.350268 0.745867
-0.099171 0.181571 0.864920
-0.142104 0.212099 0.811502
-0.296952 0.399345 0.679093
-0.271946 0.420036 0.633432
-0.136734 0.253259 0.764922
-0.020374 0.113257 0.895141
-0.018512 0.115997 0.886145
-0.275050 0.417764 0.633512
-0.090926 0.197990 0.905118
-0.122455 0.134781 0.882834
-0.021790 0.113438 0.887313
-0.008224 0.130527 0.856117
-0.336264 0.387640 0.666645
-0.243784 0.349307 0.681754
-0.271414 0.422625 0.653334
-0.105983 0.186114 0.842050
-0.268187 0.420152 0.638689
-0.020002 0.115503 0.883729
-0.382080 0.333636 0.701111
-0.229805 0.352745 0.713230
0.012573 0.148938 0.847325
-0.111433 0.154909 0.849454
0.008366 0.153720 0.881464
-0.422488 0.332550 0.710371
-0.271820 0.418178 0.644082
-0.015697 0.128741 0.815431
-0.139970 0.110091 0.918614
-0.203285 0.184917 0.635768
-0.172683 0.153074 0.638360
-0.078335 0.202402 0.816950
-0.120369 0.041293 0.971912
-0.267260 0.424619 0.653726
-0.273091 0.392741 0.648232
-0.012865 0.155016 0.870931
-0.154997 0.131064 0.906337
-0.003091 0.148881 0.856368
-0.087962 0.245364 0.762643
-0.173602 0.315359 0.729452
-0.110638 0.228519 0.778645
-0.209098 0.228826 0.778276
ObjectId: 7  ObjectCenter: -1.038787 0.509764 0.597660
-1.081178 0.514414 0.604132
-0.963463 0.481212 0.612765
-0.969983 0.480975 0.625521
-1.083041 0.505831 0.610038
-1.079490 0.549847 0.554141
-1.005958 0.449411 0.657603
-1.000210 0.450114 0.648074
-0.986159 0.480067 0.622353
-1.066653 0.595742 0.512957
-1.062221 0.492747 0.615979
-1.144228 0.521414 0.582129
-1.140336 0.525415 0.579786
-1.059737 0.594218 0.506630
-1.084296 0.551069 0.557813
-1.046871 0.502600 0.601025
-1.029735 0.524161 0.572696
-1.000073 0.451431 0.648008
-0.978357 0.481205 0.638154
-1.070739 0.597820 0.515618
-1.079219 0.548625 0.553716
-1.059505 0.495885 0.610190
-1.012429 0.451953 0.663425
-1.062596 0.508606 0.596719
-1.006657 0.454371 0.649961
-1.035434 0.527137 0.578422
-1.143596 0.521721 0.585207
-1.032838 0.474530 0.633772
-1.070916 0.596630 0.523016
-1.048646 0.502158 0.600497
-0.980966 0.480092 0.615915
-0.974796 0.478989 0.632570
-1.018689 0.477327 0.626532
-1.003498 0.450790 0.650055
-1.059048 0.566049 0.533522
-0.930530 0.493663 0.574905
-1.121380 0.543455 0.561079
-1.104442 0.562245 0.550957
-1.049859 0.501664 0.601277
-1.046428 0.502621 0.603929
-1.030388 0.519187 0.561988
-1.071973 0.595787 0.528344
-1.039318 0.528671 0.608991
-0.937327 0.494852 0.594873
-0.980400 0.526157 0.595456
-1.057907 0.511909 0.590872
-1.064808 0.507456 0.624930
-1.058476 0.563506 0.532608
-1.081368 0.544831 0.552252
-1.144505 0.556431 0.594420
-1.119674 0.546327 0.562806
-0.970085 0.478248 0.632186
-1.097436 0.555434 0.577100
-0.995016 0.453325 0.649799
-1.080176 0.550203 0.552396
-1.127780 0.540582 0.574405
-1.061176 0.416068 0.691190
-1.080894 0.549202 0.554994
-1.051370 0.484978 0.624010
-1.086171 0.568007 0.538197
-1.001151 0.450265 0.650071
-0.929981 0.494968 0.578445
-1.059300 0.558530 0.523722
-1.066978 0.610631 0.521385
-1.142662 0.519522 0.587924
-1.140258 0.520328 0.589743
-0.996503 0.451931 0.650485
-0.991709 0.478896 0.703818
-0.982258 0.461750 0.636825
-1.091861 0.553210 0.564623
-1.071086 0.494153 0.623035
-0.942589 0.498464 0.590188
-1.045640 0.502884 0.605424
-0.999935 0.449988 0.659943
-1.082791 0.548201 0.559624
-1.017470 0.476602 0.625957
-1.020732 0.476458 0.621568
-1.105152 0.498232 0.610484
-1.121000 0.510731 0.601339
-1.073903 0.612300 0.530610
-1.009232 0.523302 0.577127
-1.120854 0.511347 0.601413
-1.019242 0.478372 0.626244
-1.048408 0.536974 0.565629
-1.003786 0.447187 0.655866
-1.018706 0.528416 0.593739
-1.087604 0.569381 0.610569
-1.128259 0.470451 0.630782
-1.045633 0.502637 0.604034
-1.081363 0.548746 0.556942
-1.083500 0.505346 0.622337
-1.012620 0.523757 0.578509
-1.002282 0.450261 0.655097
-1.065273 0.615431 0.526841
-0.939328 0.499997 0.578336
-1.020412 0.450151 0.669787
-0.966523 0.474448 0.619532
-1.125316 0.471719 0.636273
-1.063036 0.609822 0.517481
-0.992590 0.453930 0.648770
-1.079162 0.549772 0.554949
-1.123821 0.542027 0.567800
-1.064440 0.491045 0.628554
-0.961624 0.490804 0.585392
-1.019130 0.542316 0.557069
-1.021619 0.537297 0.550181
-1.016190 0.517770 0.564675
-1.065825 0.480902 0.623639
-1.124603 0.508987 0.595028
-1.059010 0.553388 0.520908
-1.026125 0.525101 0.572880
-1.086724 0.590284 0.538221
-1.083116 0.597450 0.551050
-0.964778 0.477792 0.631436
-0.915746 0.519789 0.585762
-0.926014 0.509247 0.571816
-1.058895 0.485950 0.605945
-0.940222 0.521264 0.666884
-1.069580 0.608409 0.550201
-1.048011 0.504126 0.604596
-1.067132 0.607788 0.528395
-1.073101 0.607191 0.550370
-1.070014 0.606547 0.528233
-1.077039 0.511507 0.590075
-1.073094 0.508968 0.607469
-1.074760 0.599296 0.524979
-1.076964 0.595475 0.527224
-1.040612 0.521492 0.548492
-0.934231 0.525787 0.632921
-0.924265 0.533897 0.606159
-1.053883 0.587720 0.494080
ObjectId: 8  ObjectCenter: -1.079977 0.073438 1.120918
-1.134430 0.085395 1.111176
-1.057989 0.068790 1.154547
-1.110724 0.068832 1.134655
-1.094571 0.051170 1.139186
-1.067827 0.076277 1.098856
-1.108359 0.072951 1.136006
-1.077865 0.072016 1.097188
-1.072536 0.049827 1.114851
-1.070193 0.079148 1.099638
-1.067697 0.083049 1.099839
-1.125479 0.102511 1.120164
-1.091081 0.056545 1.139794
-1.139902 0.051133 1.155394
-1.136666 0.080369 1.114671
-1.121663 0.060227 1.156088
-1.087203 0.061617 1.137146
-1.029517 0.112022 1.097049
-1.086106 0.060276 1.139951
-1.086149 0.061168 1.142954
-1.126885 0.100743 1.119929
-1.085299 0.056684 1.140271
-1.030876 0.049437 1.167372
-1.066496 0.077781 1.099700
-1.102646 0.084725 1.113970
-1.056023 0.094256 1.103166
-1.086749 0.053117 1.138945
-1.082804 0.059453 1.139880
-1.073328 0.053054 1.116281
-1.046640 0.105737 1.106445
-1.091896 0.098231 1.119557
-1.116640 0.070374 1.137652
-1.113547 0.068920 1.139984
-1.016471 0.095977 1.087542
-0.997212 0.081175 1.104651
-1.090197 0.051276 1.116475
-1.105354 0.071196 1.115525
-1.092848 0.055981 1.112529
-1.100579 0.047558 1.140741
-1.104682 0.076993 1.137113
-1.105511 0.068976 1.114136
-1.091012 0.053095 1.138942
-1.114068 0.071144 1.138796
-1.007353 0.055617 1.118314
-1.061781 0.066177 1.116356
-1.074326 0.077027 1.095696
-1.103292 0.071035 1.115943
-1.077823 0.083645 1.106205
-0.998756 0.062276 1.119937
-0.997915 0.055973 1.121598
-1.107702 0.100147 1.113653
-1.100201 0.104148 1.118382
-1.079554 0.083425 1.100012
-1.076990 0.073092 1.124366
-1.090362 0.105480 1.124517
-1.105659 0.040615 1.098526
-1.009420 0.103804 1.137770
-1.067656 0.067574 1.149245
-1.104702 0.075810 1.142797
ObjectId: 10  ObjectCenter: -1.450513 0.188414 1.031659
-1.379365 0.161384 1.052941
-1.407923 0.169935 1.051128
-1.435552 0.183171 1.041617
-1.376698 0.166563 1.053353
-1.413849 0.124665 1.097095
-1.380177 0.161204 1.053259
-1.448897 0.136465 1.099872
-1.385590 0.225400 0.975902
-1.379976 0.162607 1.053223
-1.373581 0.185341 1.025419
-1.376006 0.163914 1.055846
-1.376902 0.184072 1.024094
-1.383646 0.227588 0.978565
-1.436763 0.198788 1.018027
-1.418151 0.120997 1.096823
-1.369166 0.253573 0.940862
-1.370322 0.252198 0.940851
-1.376353 0.183252 1.026259
-1.428581 0.169732 1.050695
-1.441903 0.178940 1.041990
-1.457976 0.161659 1.067100
-1.409805 0.119275 1.099520
-1.377886 0.183511 1.023274
-1.455453 0.129056 1.097283
-1.411297 0.207255 1.004287
-1.457956 0.162422 1.066266
-1.452938 0.131131 1.098331
-1.410067 0.208720 1.004630
-1.529926 0.192781 1.114184
-1.426501 0.165062 1.052374
-1.535504 0.135136 1.090542
-1.543831 0.139694 1.099317
-1.362416 0.258552 0.943203
-1.455272 0.129520 1.097522
-1.394397 0.208657 0.997032
-1.389116 0.211856 0.994853
-1.434774 0.188554 1.043951
-1.387156 0.127266 1.101068
-1.415736 0.174915 1.050591
-1.498042 0.203351 1.026522
-1.437777 0.240787 0.972922
-1.442000 0.238473 0.973507
-1.389295 0.114426 1.098452
-1.473214 0.127877 1.095298
-1.481298 0.213770 1.016951
-1.411307 0.208417 1.004799
-1.547146 0.132728 1.097954
-1.413072 0.178562 1.052164
-1.467682 0.186507 1.042729
-1.547046 0.135443 1.097481
-1.418366 0.170353 1.034707
-1.392222 0.217641 0.976810
-1.509079 0.187305 1.037816
-1.412050 0.179210 1.033114
-1.484147 0.208462 1.017027
-1.458541 0.180936 1.042814
-1.436947 0.198804 1.017958
-1.471527 0.181382 1.042937
-1.393650 0.215217 0.973058
-1.547609 0.154979 1.112262
-1.402175 0.186868 1.029611
-1.378294 0.183286 1.025315
-1.461584 0.178108 1.038759
-1.386383 0.177015 1.039716
-1.456264 0.183112 1.044166
-1.391759 0.170816 1.041557
-1.508472 0.188647 1.039796
-1.509996 0.187789 1.039067
-1.433002 0.090403 1.095536
-1.529695 0.180414 1.047203
-1.411178 0.209060 1.005106
-1.480122 0.183645 1.040192
-1.440842 0.180003 1.044158
-1.478744 0.186755 1.042249
-1.387278 0.181735 1.042006
-1.429141 0.207595 1.008584
-1.384667 0.153680 1.052625
-1.475939 0.185973 1.037746
-1.401265 0.223284 1.007726
-1.495314 0.182745 1.039265
-1.511695 0.185138 1.037215
-1.533194 0.163857 1.060281
-1.546177 0.143062 1.099899
-1.378155 0.226045 0.992343
-1.509732 0.186776 1.039084
-1.395949 0.167107 1.040453
-1.538399 0.133776 1.091044
-1.384385 0.121340 1.101529
-1.463784 0.196727 1.032542
-1.409999 0.185282 1.029010
-1.429737 0.176400 1.050087
-1.434593 0.197866 1.016770
-1.460086 0.160121 1.065679
-1.478553 0.186058 1.040257
-1.555800 0.131323 1.107063
-1.434511 0.197881 1.018458
-1.436526 0.202861 1.003356
-1.492296 0.161688 1.064462
-1.429629 0.213423 1.005311
-1.416755 0.123313 1.096936
-1.443630 0.197929 1.015540
-1.516572 0.202120 1.023665
-1.499742 0.176208 1.039513
-1.493589 0.187799 1.040459
-1.495405 0.166786 1.055861
-1.488047 0.130133 1.095347
-1.389297 0.220513 0.974198
-1.395214 0.107142 1.099108
-1.383676 0.124734 1.100927
-1.436283 0.197953 1.017474
-1.432308 0.212611 1.003908
-1.410203 0.171976 1.053046
-1.424150 0.211537 1.005330
-1.412714 0.127956 1.098393
-1.417504 0.119927 1.096157
-1.363025 0.257762 0.944126
-1.385242 0.225036 0.976131
-1.437651 0.199473 1.018230
-1.482667 0.158220 1.064562
-1.406841 0.182506 1.032058
-1.402673 0.152666 1.036195
-1.547297 0.143490 1.100833
-1.498336 0.202228 1.026647
-1.538968 0.154828 1.111537
-1.546580 0.147379 1.109912
-1.363888 0.197932 1.026095
-1.530254 0.177726 1.046240
-1.460295 0.183645 1.034229
-1.432812 0.233759 0.987464
-1.528030 0.180048 1.046986
-1.407972 0.182913 1.031088
-1.447805 0.188936 1.015366
-1.499696 0.135800 1.095097
-1.417445 0.182641 1.034661
-1.366421 0.254330 0.943084
-1.425765 0.187310 1.034585
-1.430557 0.208045 1.007076
-1.416278 0.231571 0.982874
-1.477788 0.187285 1.034040
-1.416634 0.227097 0.982433
-1.423070 0.166078 1.047469
-1.486897 0.131489 1.095333
-1.495403 0.159477 1.064109
-1.529540 0.182427 1.048220
-1.455392 0.129590 1.098964
-1.433146 0.184079 1.039245
-1.424180 0.225171 1.014475
-1.502182 0.195872 1.027285
-1.439628 0.180028 1.045161
-1.421162 0.211024 1.007291
-1.508304 0.188750 1.027986
-1.438943 0.223254 0.987837
-1.431478 0.246447 0.975514
-1.408044 0.175433 1.040718
-1.391788 0.209348 1.039058
-1.551271 0.175971 1.123863
-1.390353 0.211302 0.995090
-1.478777 0.216222 1.013133
-1.544956 0.145616 1.101187
-1.454559 0.238736 0.978398
-1.482336 0.211309 1.019037
-1.479605 0.212678 1.018905
-1.530211 0.168748 1.028833
-1.526652 0.164075 1.105526
-1.432275 0.226604 0.991592
-1.527271 0.202614 1.019879
-1.382164 0.229364 0.979395
-1.439672 0.226392 0.985686
-1.399744 0.208085 0.976768
-1.367293 0.253695 0.941697
-1.440376 0.238353 0.974401
-1.534478 0.134033 1.090835
-1.382902 0.230477 0.969082
-1.439607 0.219033 0.989990
-1.526721 0.223744 0.998091
-1.560941 0.162556 1.117015
-1.391458 0.122780 1.101154
-1.392700 0.122163 1.100035
-1.364902 0.261139 0.925686
-1.493666 0.224180 1.049882
-1.527584 0.197830 1.021934
-1.525121 0.203930 1.020980
-1.526406 0.204604 1.020977
-1.529071 0.230207 0.997028
-1.438884 0.242643 0.962352
-1.433593 0.247307 0.963505
-1.442749 0.243112 0.965899
-1.486136 0.207844 1.019607
-1.488870 0.209946 1.032261
-1.436039 0.245461 0.960830
-1.365135 0.278148 0.947727
-1.381273 0.246128 0.943324
-1.526871 0.224848 0.997744
-1.533523 0.173525 1.046680
-1.530438 0.228705 0.998248
-1.525848 0.206397 1.020210
-1.394762 0.125990 1.103571
-1.555783 0.158854 1.114806
-1.510846 0.290670 0.927821
-1.510629 0.289806 0.927594
-1.528209 0.299054 0.936113
-1.360317 0.253581 0.930192
-1.528431 0.179653 1.049149
-1.388482 0.254513 0.940108
-1.457023 0.223062 0.965588
-1.440027 0.237326 0.972690
-1.528984 0.227729 0.999825
-1.353448 0.270684 0.924017
-1.400074 0.152324 1.038570
-1.368370 0.254841 0.942195
-1.366999 0.254517 0.942883
-1.524213 0.224452 0.998741
-1.525846 0.184561 1.061100
-1.389032 0.120492 1.101612
-1.524454 0.227120 0.989147
-1.526240 0.225721 0.993070
-1.433110 0.197798 1.014107
-1.483854 0.208443 1.017663
ObjectId: 11  ObjectCenter: -0.761719 0.704079 0.341874
-0.695809 0.687634 0.324863
-0.801535 0.685804 0.330478
-0.750687 0.690573 0.347929
-0.711195 0.683945 0.340172
-0.803523 0.689291 0.334172
-0.749970 0.690376 0.349824
-0.710491 0.683951 0.338331
-0.688491 0.766376 0.312067
-0.717351 0.680836 0.371753
-0.793265 0.670226 0.373789
-0.789972 0.672894 0.378740
-0.697918 0.775083 0.317304
-0.698428 0.771174 0.312457
-0.832261 0.764193 0.343202
-0.791885 0.673669 0.378845
-0.752404 0.690985 0.346954
-0.754384 0.691701 0.349516
-0.794234 0.680579 0.323212
-0.815137 0.670119 0.377641
-0.715070 0.698918 0.319841
-0.812100 0.669713 0.377275
-0.714603 0.699888 0.320652
-0.831831 0.766949 0.341780
-0.803132 0.745506 0.338969
-0.713822 0.700083 0.322450
-0.834428 0.774490 0.352154
-0.781185 0.711665 0.323785
-0.782204 0.709721 0.322498
-0.789177 0.672866 0.379482
-0.750376 0.699979 0.359809
-0.698816 0.693656 0.330541
-0.804862 0.745939 0.339406
-0.789866 0.672135 0.379664
-0.789198 0.673867 0.379329
-0.763372 0.686466 0.347722
-0.763345 0.687102 0.347937
-0.799363 0.670209 0.379093
-0.763310 0.689273 0.350156
-0.698747 0.777482 0.318066
-0.835051 0.762375 0.329909
-0.715950 0.699874 0.319738
-0.831301 0.674810 0.328614
-0.747011 0.701862 0.372009
-0.802409 0.733671 0.321647
-0.764560 0.688203 0.342431
ObjectId: 12  ObjectCenter: -0.368609 0.494880 0.583582
-0.428374 0.467186 0.627126
-0.302970 0.599524 0.456844
-0.422309 0.433842 0.652286
-0.444778 0.503855 0.579788
-0.382738 0.549888 0.557313
-0.301605 0.602371 0.455426
-0.271419 0.417348 0.641239
-0.369474 0.534436 0.540180
-0.424067 0.435869 0.653752
-0.303725 0.601115 0.452428
-0.297394 0.473832 0.600927
-0.417591 0.480608 0.603192
-0.423836 0.437168 0.655209
-0.445932 0.506433 0.578485
-0.298361 0.474337 0.597897
-0.380708 0.429939 0.655930
-0.415980 0.481328 0.604678
-0.366631 0.534016 0.543678
-0.298496 0.473902 0.597055
-0.304273 0.502726 0.569946
-0.438574 0.469890 0.621658
-0.426333 0.465953 0.624926
-0.417971 0.357149 0.728121
-0.268187 0.420152 0.638689
-0.365977 0.533613 0.543952
-0.424521 0.465062 0.626007
-0.316713 0.491344 0.585251
-0.445081 0.507189 0.580785
-0.320407 0.604782 0.452846
