Frame ID: 89 Frame Pose: -0.025829 -0.002753 0.015974
ObjectId: 1 ObjectClass: 56 ObjectCenter: 0.261130 0.013568 0.654696
0.241593 0.076973 0.585337
0.238961 0.076812 0.580250
0.308194 -0.071090 0.691750
0.261851 0.086503 0.625502
0.285262 0.064171 0.681962
0.423706 0.093804 1.011459
0.247283 0.082390 0.590844
0.161533 -0.061377 0.453644
0.226530 0.076792 0.543150
0.297222 0.065934 0.709893
0.297795 0.100262 0.709864
0.306665 0.067566 0.725007
0.181230 -0.093984 0.711806
0.316794 -0.073304 0.704511
0.371579 -0.084489 0.817872
0.266787 -0.109813 0.794026
0.236028 -0.087664 0.648309
Frame ID: 93 Frame Pose: -0.077806 -0.010812 0.042016
ObjectId: 2 ObjectClass: 63 ObjectCenter: -0.129684 0.042694 0.497607
-0.180395 0.035164 0.521948
-0.178609 0.033758 0.509879
-0.137733 0.036136 0.518109
-0.130007 0.056040 0.485660
-0.096008 0.043631 0.498229
-0.096604 0.043421 0.504683
-0.130683 0.035474 0.494531
-0.109205 0.048748 0.565444
-0.106734 0.047199 0.558127
-0.136944 0.032266 0.496894
-0.132152 0.037477 0.503671
-0.156951 0.039637 0.509525
-0.101920 0.044908 0.537917
-0.146562 0.036884 0.533460
-0.208345 0.039902 0.595788
-0.131896 0.034861 0.497626
-0.130131 0.055939 0.486272
-0.153131 0.044525 0.577646
-0.141549 0.037753 0.537051
-0.128086 0.054883 0.473420
-0.260434 0.063347 0.837767
-0.128701 0.054814 0.478600
-0.094714 0.042003 0.505065
-0.093385 0.041041 0.498098
Frame ID: 132 Frame Pose: -0.014409 -0.013861 0.032537
ObjectId: 3 ObjectClass: 62 ObjectCenter: -0.129952 -0.044962 0.515645
-0.078131 -0.064489 0.440634
-0.204467 -0.111907 0.570597
-0.074543 0.012458 0.460026
-0.143209 -0.012047 0.553067
-0.173735 -0.072195 0.507012
-0.122417 -0.058110 0.501473
-0.066154 -0.041858 0.466115
-0.173711 -0.097680 0.602616
-0.079191 -0.075003 0.482171
-0.074447 0.015731 0.469083
-0.262896 -0.185988 0.950426
-0.065332 -0.044151 0.470170
-0.087225 -0.087309 0.569251
-0.237897 -0.164000 0.851279
-0.080301 0.017019 0.515389
-0.134467 -0.062774 0.552614
-0.066108 -0.038441 0.444403
-0.136264 -0.078975 0.507567
-0.048241 -0.019201 0.448409
-0.167347 -0.046646 0.492015
-0.073370 0.016689 0.469466
-0.076498 -0.067724 0.443485
-0.159010 -0.094506 0.611540
-0.066085 -0.039237 0.448485
-0.048356 -0.019145 0.449589
-0.090383 -0.027430 0.468546
-0.066130 -0.038338 0.446377
-0.146988 -0.013780 0.529770
-0.072720 0.017655 0.476032
-0.134911 -0.077368 0.508415
-0.076610 -0.073802 0.472368
-0.076130 -0.073797 0.473837
-0.116021 -0.118166 0.715596
-0.155395 -0.042047 0.496755
-0.141638 -0.003848 0.489428
-0.141345 -0.001591 0.490910
-0.207255 0.023216 0.727637
-0.117579 -0.053780 0.476505
-0.158248 0.007722 0.504100
-0.157187 0.007102 0.497108
-0.129741 -0.009969 0.502065
-0.139968 -0.012215 0.542436
-0.148204 -0.001749 0.518169
-0.201538 -0.109148 0.555117
-0.148115 0.006574 0.459713
-0.204272 -0.110477 0.561590
-0.152415 -0.002732 0.527733
-0.128526 -0.013197 0.493185
-0.117659 -0.053441 0.480828
-0.180236 -0.073772 0.529928
-0.142739 -0.003257 0.497630
-0.142939 0.002627 0.498110
-0.139596 -0.001326 0.492423
-0.208863 -0.057115 0.654026
-0.147206 0.017828 0.507193
-0.142465 -0.003579 0.492942
-0.122515 -0.125836 0.754051
-0.164375 -0.096488 0.573228
-0.150499 -0.079515 0.511635
-0.122929 -0.008037 0.472410
-0.158513 -0.044259 0.509079
-0.095017 -0.105972 0.733969
-0.076935 0.018802 0.507293
-0.120178 0.008317 0.497766
-0.337208 -0.209164 1.359074
-0.184678 -0.109039 0.676215
-0.133128 -0.136009 0.825128
-0.127924 -0.127511 0.777994
-0.150316 -0.085534 0.540984
-0.210050 -0.111770 0.601855
-0.090880 -0.026646 0.464097
-0.221610 -0.146345 0.783197
-0.153636 -0.042081 0.488538
-0.163547 -0.045992 0.478723
-0.182648 -0.073684 0.537482
-0.146385 -0.005072 0.501372
-0.194225 -0.105247 0.537861
-0.119126 -0.011574 0.473627
-0.237201 -0.160452 0.845659
-0.128201 -0.012996 0.491804
-0.154086 -0.041923 0.480324
-0.156563 -0.042696 0.493233
-0.207308 -0.143428 0.748438
-0.143382 -0.013446 0.514053
-0.159015 -0.038694 0.469646
-0.100983 -0.060568 0.453040
-0.121935 -0.067656 0.442397
-0.129883 -0.006772 0.506370
-0.140653 -0.077826 0.485930
-0.135234 -0.014472 0.480337
Frame ID: 138 Frame Pose: -0.026935 0.044533 -0.048195
ObjectId: 5 ObjectClass: 56 ObjectCenter: -0.242278 0.164016 0.284557
-0.307443 0.146277 0.263888
-0.281201 0.149276 0.294762
-0.322017 0.153418 0.277212
-0.280853 0.161428 0.292133
-0.283495 0.150581 0.298266
-0.292796 0.155576 0.308658
-0.277397 0.126369 0.250054
-0.308573 0.176474 0.312755
-0.255763 0.165375 0.250130
-0.313296 0.148960 0.285110
-0.279901 0.129763 0.253661
-0.354084 0.136079 0.323416
-0.318284 0.152034 0.273380
-0.299619 0.167925 0.310310
-0.268856 0.144029 0.279991
-0.304813 0.078752 0.291871
-0.294273 0.078987 0.279613
-0.275833 0.141954 0.290189
-0.384475 0.047199 0.351378
-0.345222 0.206344 0.349972
-0.268099 0.091317 0.222679
-0.453277 0.180211 0.362754
-0.334652 0.206163 0.268691
-0.316414 0.215469 0.309922
-0.271555 0.068941 0.266155
-0.287295 0.187525 0.281015
-0.334513 0.159781 0.292913
-0.274629 0.125922 0.252704
-0.289725 0.153724 0.305171
-0.319287 0.182531 0.323620
-0.298889 0.078577 0.284061
-0.290767 0.199848 0.289118
-0.339773 0.165591 0.286088
-0.290640 0.225949 0.285649
-0.301865 0.237183 0.292228
-0.318565 0.249648 0.308955
-0.286825 0.243198 0.314521
-0.294338 0.203057 0.292088
-0.313107 0.149304 0.284208
-0.267305 0.219999 0.290756
-0.357868 0.212286 0.362448
-0.283348 0.194795 0.282135
-0.342894 0.237550 0.330892
-0.296560 0.141804 0.254033
-0.299838 0.155544 0.309712
-0.277670 0.214804 0.273411
-0.263569 0.218452 0.288132
-0.384015 0.151997 0.342293
-0.256993 0.212776 0.281916
-0.161666 0.111397 0.251664
-0.161812 0.119399 0.250990
-0.232042 0.107349 0.325980
-0.150593 0.123749 0.224467
-0.193935 0.108746 0.295267
-0.211492 0.217289 0.257416
-0.236768 0.242795 0.286843
-0.261418 0.090790 0.340919
-0.171497 0.109935 0.264877
-0.237229 0.242782 0.287315
-0.224627 0.231129 0.272888
-0.192441 0.153299 0.287819
-0.247094 0.237677 0.428068
-0.206456 0.189590 0.355480
-0.143419 0.106707 0.208584
-0.207297 0.169220 0.291412
-0.170142 0.111512 0.256472
-0.148976 0.105460 0.231076
-0.161100 0.131501 0.241092
-0.155509 0.125037 0.230289
-0.208241 0.103735 0.302334
-0.254445 0.088804 0.332165
-0.157183 0.119898 0.234259
-0.432665 0.166768 0.660587
-0.216509 0.167563 0.385813
-0.209486 0.213091 0.253265
-0.179056 0.127509 0.313320
-0.126479 0.119901 0.213902
-0.138091 0.130251 0.233326
-0.170338 0.158649 0.223966
-0.181016 0.225459 0.279601
-0.192172 0.239178 0.297489
-0.170535 0.159492 0.224805
-0.173682 0.124818 0.256053
-0.166280 0.106243 0.254311
-0.178764 0.100543 0.272935
-0.152248 0.120766 0.238005
-0.160406 0.115497 0.249010
-0.198095 0.117463 0.306695
-0.211934 0.212498 0.256621
-0.251271 0.241463 0.435579
-0.157075 0.120405 0.235584
-0.180444 0.101889 0.271025
-0.240220 0.085724 0.321817
-0.173722 0.129332 0.261086
-0.161879 0.131575 0.239668
-0.222161 0.130209 0.344532
-0.219607 0.182569 0.308373
-0.201048 0.207142 0.172078
-0.185904 0.233159 0.292417
-0.195783 0.243073 0.307337
-0.148815 0.139212 0.253922
-0.164087 0.118847 0.250090
-0.248495 0.083056 0.327362
-0.212439 0.218425 0.257808
-0.243025 0.082042 0.319907
-0.169212 0.211008 0.259002
-0.198263 0.114019 0.294426
-0.167777 0.203650 0.137263
-0.218100 0.221772 0.190626
-0.175086 0.158211 0.237362
-0.202913 0.251807 0.185562
-0.187972 0.234319 0.171961
-0.183265 0.228561 0.167200
-0.207211 0.256370 0.189376
-0.227360 0.232899 0.279671
-0.214571 0.221168 0.184606
-0.326912 0.251720 0.345617
-0.225471 0.230844 0.272943
-0.375919 0.203665 0.387925
-0.294880 0.205624 0.293724
-0.279228 0.218620 0.289317
-0.289394 0.225161 0.298624
-0.297750 0.231258 0.308576
-0.379763 0.173856 0.352939
-0.292678 0.230212 0.306041
Frame ID: 145 Frame Pose: -0.010040 0.026810 -0.015540
ObjectId: 6 ObjectClass: 56 ObjectCenter: -0.520715 0.011574 0.663159
-0.567609 0.018250 0.675086
-0.551473 -0.088131 0.788200
-0.466531 0.070202 0.493273
-0.457486 0.176619 0.694352
-0.466021 -0.002252 0.637778
-0.409662 0.157876 0.622525
-0.416937 0.162755 0.470807
-0.565005 -0.087523 0.803250
-0.421596 0.165193 0.475999
-0.569065 0.028697 0.573045
-0.586721 0.018876 0.704941
-0.454518 0.178833 0.513281
-0.601852 0.030421 0.605563
-0.469050 0.070866 0.496047
-0.460386 0.070315 0.486999
-0.427585 0.168567 0.489409
-0.452386 0.057045 0.625723
-0.612070 0.022418 0.599588
-0.602349 0.026491 0.582824
-0.591862 0.023540 0.574901
-0.537445 0.016670 0.645070
-0.616689 0.026961 0.593009
-0.611457 -0.103423 0.755506
-0.536718 -0.056043 0.640545
-0.514778 0.000790 0.701159
-0.472957 -0.001876 0.645132
-0.472321 -0.002332 0.647685
-0.455720 -0.063578 0.632149
-0.574425 -0.099241 0.713066
-0.605945 0.025265 0.586641
-0.529480 -0.073666 0.776815
-0.551006 -0.087774 0.787041
-0.519588 -0.073687 0.770775
-0.387498 0.152489 0.448027
-0.480987 0.017363 0.578687
-0.403935 0.157719 0.465630
-0.490552 -0.062881 0.750350
-0.499205 -0.064634 0.760997
-0.599322 -0.109973 0.842271
-0.473402 -0.053870 0.733491
-0.529442 -0.066605 0.802802
-0.523336 0.173948 0.799634
-0.586094 -0.107165 0.826187
-0.471549 0.072594 0.501491
-0.468509 0.072016 0.498877
-0.580880 0.020686 0.697013
-0.633324 -0.109401 0.785525
-0.498179 0.146546 0.562152
-0.641438 -0.123991 0.803413
-0.588931 -0.005619 0.806388
-0.632259 0.029646 0.639595
-0.509039 0.061401 0.708233
-0.527371 0.020428 0.627698
Frame ID: 179 Frame Pose: -0.451440 -0.112531 0.359878
ObjectId: 8 ObjectClass: 66 ObjectCenter: -0.601225 0.062053 0.351966
-0.672363 0.045294 0.409348
-0.580523 0.038932 0.400448
-0.618716 0.041051 0.378646
-0.612913 0.041168 0.375019
-0.570926 0.038700 0.395790
-0.570001 0.077970 0.293508
-0.604545 0.040323 0.371331
-0.534394 0.071154 0.277587
-0.594711 0.054901 0.342235
-0.559025 0.067636 0.330365
-0.535534 0.074154 0.301557
-0.613851 0.041433 0.374757
-0.612362 0.041805 0.374324
-0.592709 0.054035 0.342958
-0.558815 0.051652 0.354796
-0.556863 0.061306 0.339163
-0.561580 0.075834 0.290783
-0.540149 0.066286 0.318825
-0.679280 0.032053 0.430053
-0.563184 0.063035 0.342302
-0.661802 0.077154 0.394354
-0.579777 0.064117 0.350803
-0.573615 0.047477 0.355507
-0.569389 0.047329 0.353107
-0.589939 0.038570 0.363106
-0.553854 0.062016 0.337464
-0.543339 0.039081 0.361459
-0.593825 0.053096 0.384741
-0.593097 0.054570 0.342882
-0.535780 0.075348 0.303873
-0.610036 0.050616 0.359824
-0.585233 0.042161 0.388828
-0.613284 0.048324 0.363011
-0.620930 0.047954 0.371299
-0.567390 0.052068 0.355764
-0.599156 0.076479 0.344361
-0.617176 0.047892 0.366919
-0.560511 0.076602 0.299259
-0.557687 0.076730 0.298612
-0.579578 0.089216 0.310256
-0.546849 0.076315 0.305953
-0.664587 0.100039 0.344962
-0.539302 0.067279 0.299231
-0.561280 0.077861 0.299342
-0.827315 0.143419 0.364829
-0.603044 0.097897 0.313049
-0.606746 0.059131 0.345224
-0.612105 0.082052 0.343776
-0.609208 0.087758 0.322727
-0.665304 0.095380 0.368983
-0.703597 0.090976 0.408834
-0.558405 0.079821 0.306170
-0.612471 0.060655 0.345701
-0.648751 0.077497 0.365713
-0.530092 0.058367 0.304409
-0.559618 0.080904 0.306114
-0.640302 0.048053 0.380933
-0.634461 0.047201 0.384723
-0.601226 0.088181 0.322286
-0.612785 0.085906 0.337771
-0.603727 0.085101 0.327654
-0.803611 0.158691 0.387948
-0.629253 0.050236 0.370425
-0.643366 0.049813 0.380502
-0.629588 0.064689 0.387099
-0.598351 0.055426 0.373321
-0.607008 0.056225 0.360953
-0.608518 0.059312 0.346431
-0.596892 0.062520 0.356421
-0.642432 0.048086 0.381460
-0.618066 0.089660 0.324145
-0.616921 0.096934 0.315162
-0.598933 0.070761 0.354281
-0.588381 0.064322 0.353645
-0.593265 0.061487 0.355426
-0.604609 0.054996 0.377961
-0.592627 0.054390 0.352401
-0.604918 0.060044 0.353443
-0.594179 0.073290 0.320857
-0.550579 0.074774 0.303135
-0.616962 0.054748 0.369170
-0.607992 0.069239 0.337657
-0.568991 0.072793 0.322669
-0.608710 0.063350 0.371770
-0.609430 0.051335 0.379607
-0.612671 0.058436 0.361597
-0.619255 0.088178 0.311596
-0.603851 0.089423 0.323175
-0.619753 0.065252 0.378862
-0.559577 0.075968 0.311459
-0.638866 0.055998 0.366741
-0.621319 0.056761 0.352314
-0.617252 0.049199 0.388558
-0.613492 0.052255 0.368553
-0.616457 0.050290 0.373970
-0.602178 0.058838 0.351214
-0.629367 0.054603 0.361075
-0.635136 0.053394 0.371514
-0.600146 0.062060 0.329610
-0.608140 0.056349 0.360913
-0.610631 0.055109 0.384340
-0.609804 0.053588 0.384519
-0.581209 0.067560 0.338300
-0.607655 0.051369 0.384669
-0.588621 0.071022 0.309798
-0.586835 0.070754 0.308984
-0.572150 0.079241 0.293002
-0.577461 0.080799 0.291855
-0.597871 0.062265 0.354887
-0.588591 0.071789 0.309114
-0.647837 0.059082 0.396862
-0.620547 0.055329 0.357763
-0.573308 0.064788 0.333005
-0.611244 0.044298 0.387605
-0.556406 0.074825 0.315839
-0.609690 0.047229 0.391094
-0.560785 0.078857 0.315003
-0.582813 0.075722 0.323673
-0.575955 0.081986 0.291216
-0.624375 0.057715 0.392780
-0.583846 0.070695 0.338632
-0.605108 0.055260 0.377716
-0.583600 0.077403 0.299502
-0.614585 0.050724 0.377333
-0.582823 0.068069 0.338599
-0.577493 0.081658 0.291519
-0.646626 0.051207 0.380767
-0.621680 0.057500 0.357580
-0.619131 0.055853 0.357143
-0.614342 0.050743 0.384333
-0.618547 0.055360 0.357175
-0.583780 0.059874 0.353895
-0.588985 0.073900 0.307803
-0.615725 0.053319 0.369212
Frame ID: 184 Frame Pose: -0.015383 0.035367 -0.028388
ObjectId: 9 ObjectClass: 56 ObjectCenter: -0.323326 0.149581 0.320389
-0.334513 0.159781 0.292913
-0.345222 0.206344 0.349972
-0.294338 0.203057 0.292088
-0.298889 0.078577 0.284061
-0.322017 0.153418 0.277212
-0.283495 0.150581 0.298266
-0.263569 0.218452 0.288132
-0.357868 0.212286 0.362448
-0.267305 0.219999 0.290756
-0.313107 0.149304 0.284208
-0.338614 0.188249 0.350858
-0.292796 0.155576 0.308658
-0.305620 0.145937 0.278111
-0.354084 0.136079 0.323416
-0.284597 0.196808 0.283947
-0.318284 0.152034 0.273380
-0.313296 0.148960 0.285110
-0.304813 0.078752 0.291871
-0.281201 0.149276 0.294762
-0.299619 0.167925 0.310310
-0.311013 0.170354 0.323294
-0.275403 0.148007 0.288883
-0.291662 0.075048 0.280524
-0.303732 0.207722 0.300446
-0.290767 0.199848 0.289118
-0.273072 0.222102 0.294607
-0.304411 0.212082 0.302109
-0.306679 0.162647 0.325248
-0.441717 0.049536 0.404366
-0.294273 0.078987 0.279613
-0.384475 0.047199 0.351378
-0.289725 0.153724 0.305171
-0.375919 0.203665 0.387925
-0.299629 0.158158 0.318114
-0.353291 0.185740 0.372033
-0.283348 0.194795 0.282135
-0.471549 0.072594 0.501491
-0.260668 0.167552 0.212227
-0.294530 0.142266 0.252418
-0.334297 0.185008 0.346903
-0.313560 0.150725 0.269327
-0.290368 0.162241 0.297497
-0.479017 0.073866 0.509553
-0.295783 0.141955 0.266631
-0.326061 0.154231 0.285330
-0.372580 0.089081 0.362672
-0.294880 0.205624 0.293724
Frame ID: 184 Frame Pose: -0.141222 -0.040079 0.182603
ObjectId: 10 ObjectClass: 66 ObjectCenter: -0.466588 0.116806 0.238379
-0.431790 0.133675 0.223826
-0.475959 0.159828 0.198109
-0.422385 0.127308 0.220748
-0.412581 0.139616 0.173005
-0.449618 0.117987 0.241652
-0.418415 0.140530 0.212731
-0.415256 0.142163 0.174019
-0.392702 0.134324 0.197410
-0.492898 0.121862 0.252357
-0.471534 0.112399 0.224988
-0.447965 0.152615 0.186833
-0.418102 0.143205 0.176331
-0.419499 0.146098 0.178478
-0.502208 0.103020 0.246851
-0.497044 0.102560 0.244796
-0.470072 0.110778 0.270343
-0.468066 0.108696 0.268712
-0.437521 0.111916 0.234409
-0.466050 0.111514 0.243660
-0.417732 0.129515 0.217244
-0.412012 0.139160 0.209564
-0.396994 0.135760 0.199498
-0.483150 0.099619 0.240104
-0.426410 0.122828 0.227008
-0.425417 0.128302 0.222230
-0.487684 0.117609 0.253804
-0.459013 0.111169 0.238108
-0.454200 0.108389 0.238936
-0.476433 0.093964 0.261390
-0.462327 0.107572 0.264876
-0.512039 0.102395 0.276549
-0.426287 0.123240 0.225827
-0.475802 0.095337 0.260408
-0.490509 0.098315 0.265933
-0.485906 0.100179 0.257968
-0.510496 0.101377 0.276517
-0.420119 0.128756 0.219098
-0.420857 0.129751 0.219545
-0.500422 0.101775 0.247711
-0.459128 0.112644 0.243076
-0.468243 0.111329 0.224030
-0.480953 0.097852 0.242445
-0.642416 0.155115 0.356653
-0.438426 0.105661 0.204986
-0.416764 0.133835 0.213325
-0.465612 0.154016 0.244989
-0.523066 0.123422 0.278737
-0.534423 0.124360 0.293711
-0.475000 0.125160 0.247724
-0.384024 0.131175 0.172876
-0.489295 0.101770 0.259415
-0.490876 0.096649 0.267800
-0.413989 0.139708 0.211247
-0.413026 0.115921 0.217840
-0.412756 0.106123 0.190722
-0.497170 0.117152 0.272807
-0.441980 0.111789 0.209762
-0.582095 0.127758 0.339203
-0.531161 0.123806 0.291345
-0.497815 0.118964 0.234474
-0.491360 0.120683 0.251807
-0.489121 0.099135 0.242698
-0.406027 0.136638 0.185169
-0.427873 0.119929 0.225613
-0.461399 0.120237 0.254037
-0.458465 0.100164 0.222584
-0.432391 0.148052 0.222096
-0.612191 0.136022 0.295871
-0.462846 0.153857 0.233076
-0.511292 0.138417 0.225533
-0.508174 0.108537 0.244592
-0.403655 0.136566 0.209108
-0.458772 0.152770 0.227032
-0.487586 0.102839 0.260091
-0.467754 0.107644 0.254687
-0.364766 0.119176 0.190084
-0.503033 0.105297 0.247036
-0.391717 0.141265 0.199385
-0.425983 0.150353 0.185615
-0.466041 0.108127 0.265034
-0.485888 0.102045 0.259606
-0.488092 0.102877 0.247202
-0.524349 0.111402 0.253095
-0.493722 0.103742 0.248253
-0.485843 0.103119 0.260319
-0.497102 0.104114 0.245549
-0.461266 0.099806 0.254965
-0.494454 0.111587 0.231594
-0.506356 0.113141 0.238907
-0.481518 0.109275 0.226730
-0.514233 0.142636 0.221012
-0.494597 0.105504 0.262333
Frame ID: 188 Frame Pose: -0.141222 -0.040079 0.182603
ObjectId: 11 ObjectClass: 66 ObjectCenter: -0.285437 0.200741 0.065239
-0.297373 0.191736 0.089561
-0.309787 0.181225 0.111918
-0.325182 0.208086 0.097151
-0.296892 0.182149 0.099426
-0.340587 0.197409 0.125049
-0.303525 0.194772 0.090781
-0.332001 0.192994 0.120768
-0.300348 0.190627 0.098740
-0.288325 0.198867 0.072609
-0.324259 0.204605 0.106468
-0.314536 0.185181 0.081439
-0.291328 0.183166 0.076936
-0.305929 0.185120 0.090324
-0.311464 0.188391 0.091762
-0.350526 0.216685 0.077672
-0.313676 0.184286 0.111234
-0.308381 0.183652 0.101715
-0.329239 0.210747 0.082567
-0.340436 0.184719 0.089893
-0.294708 0.195853 0.093954
-0.303271 0.194361 0.077671
-0.301564 0.188877 0.065866
-0.315417 0.183424 0.104222
-0.323229 0.184050 0.080936
-0.302065 0.189560 0.065933
-0.298961 0.190195 0.069417
-0.304125 0.194995 0.092793
-0.309513 0.211005 0.073645
-0.288183 0.207488 0.067839
-0.280397 0.202870 0.072963
-0.236197 0.217534 0.043012
-0.294490 0.181595 0.098231
-0.281449 0.207955 0.071608
-0.293236 0.202369 0.075502
-0.278268 0.206096 0.071309
-0.329528 0.191355 0.119344
-0.346618 0.201484 0.121714
-0.280083 0.203387 0.078943
-0.328202 0.209331 0.100410
-0.271129 0.209809 0.065450
-0.230134 0.229487 0.040381
-0.244575 0.224055 0.045874
-0.274899 0.212058 0.064878
-0.277636 0.208666 0.054294
-0.235476 0.234599 0.042402
-0.307981 0.179637 0.112775
-0.276201 0.204655 0.071295
-0.344995 0.193908 0.082642
-0.293678 0.200641 0.060210
-0.291378 0.214429 0.066774
-0.301207 0.197761 0.058112
-0.285277 0.190270 0.088346
-0.310010 0.198908 0.081350
-0.270246 0.209705 0.063264
-0.312040 0.196674 0.082063
-0.224534 0.223452 0.038227
-0.324797 0.222034 0.084989
-0.317601 0.201253 0.073747
-0.317775 0.197839 0.063643
-0.290428 0.192884 0.090275
-0.302577 0.188382 0.066610
-0.334247 0.212850 0.085721
-0.301304 0.185638 0.081221
-0.305765 0.188534 0.082401
-0.291299 0.200197 0.068012
-0.320166 0.183879 0.077232
-0.297337 0.204951 0.053063
-0.260765 0.216506 0.054008
-0.243724 0.220114 0.009981
-0.290410 0.193110 0.090229
-0.317161 0.209903 0.098450
-0.247748 0.223550 0.008967
-0.321937 0.221068 0.082367
-0.310551 0.226702 0.063323
-0.285504 0.184699 0.083215
-0.265355 0.206522 0.053614
-0.285058 0.219463 0.068813
-0.285350 0.248775 0.017481
-0.286107 0.196732 0.057368
-0.267102 0.217517 0.058953
-0.275043 0.250403 0.051717
-0.344748 0.296270 0.025377
-0.221035 0.222585 0.036851
-0.317450 0.264079 0.026317
-0.380243 0.210552 0.093774
-0.287804 0.199313 0.072595
-0.344537 0.213179 0.090887
-0.333580 0.223028 0.062795
-0.300536 0.202705 0.056373
-0.295064 0.196488 0.063583
-0.302017 0.194453 0.078801
-0.326009 0.208804 0.081818
-0.328944 0.246965 0.083790
-0.264091 0.213946 0.057276
-0.313175 0.188267 0.093939
-0.271171 0.215293 0.054160
-0.314412 0.186468 0.102343
-0.304130 0.192980 0.101937
-0.350736 0.200412 0.110332
-0.278623 0.225350 0.062046
-0.300380 0.183780 0.094171
-0.285096 0.259247 0.029678
-0.332995 0.226614 0.069987
-0.324698 0.204859 0.107758
-0.291471 0.208128 0.055584
-0.304384 0.200607 0.060403
-0.295586 0.197721 0.070972
-0.304152 0.192884 0.071560
-0.291244 0.189940 0.094334
-0.338138 0.233078 0.067667
-0.318091 0.187049 0.113973
-0.312031 0.200334 0.091154
-0.366352 0.204302 0.087040
-0.335382 0.187761 0.079984
-0.295748 0.191020 0.074708
-0.264132 0.215227 0.057218
-0.319858 0.204778 0.094897
-0.288837 0.198252 0.066227
-0.309264 0.194603 0.083257
-0.323626 0.280615 0.023175
-0.306727 0.270666 0.016794
-0.265380 0.194318 0.072432
-0.334837 0.225884 0.058957
-0.261719 0.211057 0.056458
-0.330587 0.198769 0.071108
-0.298092 0.185052 0.078772
-0.332182 0.222722 0.060555
-0.247219 0.214888 0.029983
-0.256177 0.219432 0.050639
-0.268568 0.204147 0.064242
-0.287995 0.182990 0.072675
-0.285787 0.200167 0.076647
-0.305801 0.186008 0.096277
-0.257937 0.220547 0.050552
-0.340208 0.229430 0.061549
-0.264290 0.199578 0.041713
-0.266466 0.198059 0.051780
-0.301228 0.182564 0.087990
-0.279119 0.252472 0.053675
-0.319170 0.228534 0.086004
-0.281387 0.202127 0.059399
-0.243645 0.224374 0.024058
-0.308772 0.180327 0.111903
-0.252714 0.206787 0.051665
-0.264704 0.208831 0.037988
-0.281419 0.208064 0.039855
-0.279360 0.167566 0.056142
-0.274642 0.244697 0.045619
-0.270707 0.205830 0.067046
-0.334888 0.193635 0.123027
-0.335951 0.193549 0.123616
-0.342313 0.197969 0.114376
-0.300549 0.192272 0.089945
-0.305326 0.226389 0.042473
-0.303729 0.236927 0.046422
-0.249166 0.221849 0.012027
-0.302366 0.199757 0.052653
-0.291450 0.205166 0.046708
-0.293233 0.185496 0.075141
-0.269767 0.223373 0.050186
-0.268437 0.220097 0.026390
-0.317019 0.223180 0.092707
-0.322643 0.226898 0.096655
-0.252099 0.201989 0.052939
-0.297973 0.210376 0.088782
-0.288268 0.213068 0.067461
-0.288645 0.213960 0.066322
-0.294069 0.235683 0.047402
-0.309290 0.186559 0.092049
-0.337625 0.185049 0.096397
-0.229661 0.218852 0.031342
-0.334554 0.190364 0.079051
-0.296748 0.201897 0.045790
-0.289498 0.210593 0.045290
-0.325269 0.181126 0.083670
-0.308619 0.239279 0.047557
-0.361368 0.196754 0.103131
-0.339505 0.187951 0.115652
-0.295445 0.184437 0.056077
-0.307967 0.235222 0.073597
-0.255445 0.225809 0.031048
-0.304166 0.195061 0.093956
-0.327976 0.230299 0.054780
-0.306467 0.238563 0.056656
-0.257114 0.201886 0.026988
-0.266604 0.208286 0.030970
-0.265287 0.215342 0.057370
-0.264685 0.196702 0.063963
-0.310030 0.250707 0.031699
-0.312510 0.182148 0.103036
-0.263815 0.222479 0.038102
-0.263978 0.203940 0.061336
-0.305606 0.239699 0.061801
-0.283350 0.250534 0.040507
-0.313408 0.241215 0.040229
-0.281090 0.263208 0.044089
-0.216295 0.208514 0.030393
-0.250737 0.229033 0.018745
-0.289359 0.199593 0.049764
-0.340604 0.224124 0.075893
-0.391026 0.214303 0.118884
-0.273190 0.200160 0.084473
-0.271470 0.203902 0.045436
-0.291772 0.246903 0.058014
-0.287636 0.207700 0.075684
-0.294156 0.244849 0.023612
-0.364844 0.217938 0.130066
-0.304567 0.232369 0.070706
-0.344522 0.197548 0.127213
-0.242006 0.217060 0.032419
-0.264267 0.198819 0.035303
-0.321839 0.185483 0.100919
-0.250577 0.208320 0.030447
-0.255867 0.208778 0.052435
-0.283243 0.196550 0.048615
-0.320362 0.183900 0.077122
-0.274767 0.210795 0.043118
-0.253917 0.222706 0.043409
-0.256071 0.228183 0.011016
-0.261243 0.217239 0.053710
-0.241869 0.218823 0.008243
-0.307516 0.190602 0.069220
-0.367007 0.209490 0.090484
-0.260190 0.211651 0.048183
-0.292913 0.186482 0.095521
-0.365531 0.196753 0.095569
-0.264743 0.205535 0.059688
-0.303106 0.234318 0.037895
-0.275301 0.221220 0.047240
-0.273630 0.231346 0.036102
-0.312423 0.222411 0.066220
-0.293037 0.229624 0.049811
-0.251106 0.217850 0.031421
-0.251119 0.212171 0.018621
-0.273384 0.199113 0.074987
-0.274684 0.214029 0.056241
-0.302140 0.193587 0.090530
-0.356554 0.206986 0.117335
-0.324998 0.204756 0.064871
-0.308179 0.190617 0.059982
-0.314728 0.188665 0.067242
-0.255007 0.228536 0.010603
-0.325021 0.194177 0.070484
-0.242092 0.222128 0.008696
-0.319537 0.182087 0.114992
-0.298281 0.195178 0.056737
-0.300831 0.183441 0.097105
-0.307882 0.198072 0.077933
-0.305270 0.188004 0.082971
-0.251062 0.189317 0.049842
-0.310452 0.198848 0.059040
-0.229068 0.210089 0.023691
-0.213423 0.196127 0.040105
-0.290306 0.189216 0.094127
-0.284879 0.183306 0.072888
-0.325769 0.194516 0.070239
-0.257696 0.208184 0.021550
-0.275372 0.202591 0.075640
-0.231145 0.208724 0.009894
-0.227490 0.228680 0.039717
-0.216337 0.218600 0.036421
-0.264800 0.201150 0.034485
-0.263242 0.206893 0.026342
-0.282427 0.194692 0.048350
-0.301091 0.187639 0.066743
-0.279688 0.199347 0.078866
-0.299426 0.187071 0.067003
-0.268629 0.190672 0.076008
-0.305687 0.186672 0.071045
-0.298533 0.186827 0.067049
Frame ID: 205 Frame Pose: -0.068906 -0.000575 0.089884
ObjectId: 13 ObjectClass: 64 ObjectCenter: -0.351410 0.181443 0.101316
-0.340588 0.180943 0.111178
-0.342737 0.182171 0.111675
-0.365408 0.193284 0.118592
-0.373631 0.199976 0.092944
-0.342186 0.181583 0.113010
-0.359433 0.182655 0.091769
-0.347547 0.187734 0.086387
-0.342968 0.181691 0.113325
-0.367391 0.198103 0.091988
-0.340436 0.184719 0.089893
-0.351290 0.179430 0.089272
-0.341617 0.180488 0.113902
-0.354778 0.174422 0.103065
-0.372345 0.181416 0.109534
-0.368440 0.183299 0.123947
-0.337606 0.179869 0.092690
-0.354685 0.184072 0.085380
-0.349189 0.172623 0.106268
-0.343352 0.173424 0.112797
-0.338483 0.181516 0.090701
-0.315361 0.159895 0.079742
-0.382245 0.184447 0.114529
-0.362837 0.188043 0.088029
-0.371341 0.184245 0.120160
-0.351010 0.176219 0.115202
-0.351572 0.172549 0.102381
-0.341841 0.172229 0.112771
-0.347109 0.187328 0.086377
-0.338729 0.183050 0.083465
-0.345912 0.175461 0.089733
Frame ID: 209 Frame Pose: -0.164036 -0.053156 0.216005
ObjectId: 14 ObjectClass: 62 ObjectCenter: -0.362200 0.168458 0.013322
-0.342708 0.179909 0.063602
-0.339199 0.162973 0.050737
-0.383799 0.180608 0.058879
-0.392684 0.180080 0.075327
-0.331285 0.213034 0.033854
-0.302128 0.187793 0.017726
-0.378711 0.091552 0.016448
-0.338603 0.162420 0.051635
-0.370788 0.090320 0.015244
-0.360124 0.185191 0.069909
-0.357352 0.262717 -0.024845
-0.268693 0.205563 -0.024837
-0.349134 0.183097 0.068259
-0.689582 0.134886 0.010865
-0.298818 0.188822 0.014834
-0.429876 0.195724 0.082777
-0.391110 0.179454 0.075495
-0.366061 0.152811 0.057586
-0.288122 0.204429 0.006193
-0.327455 0.208362 0.036173
-0.351670 0.220638 0.038974
-0.363398 0.226528 0.041571
-0.375998 0.151197 0.058292
-0.396618 0.162840 0.063985
-0.404013 0.163296 0.063824
-0.265877 0.201283 -0.025033
-0.266857 0.202736 -0.024941
-0.267356 0.203793 -0.024929
-0.334060 0.248085 -0.024678
-0.271061 0.235415 -0.021821
-0.323182 0.275776 -0.021252
-0.256169 0.224240 -0.022271
-0.344887 0.201927 0.052090
-0.327401 0.196596 0.044948
-0.705306 0.174175 0.109271
-0.516403 0.257164 0.122921
-0.374835 0.149301 0.057710
-0.359584 0.173328 0.068486
-0.324727 0.204440 0.037363
-0.342497 0.161324 0.059545
-0.343675 0.256552 -0.048835
-0.315186 0.136649 -0.068454
-0.685212 0.169636 0.105283
-0.387185 0.178017 0.071124
-0.343366 0.145894 -0.071032
-0.400997 0.162396 0.062290
-0.540925 0.125605 -0.012961
-0.289850 0.128180 -0.065763
-0.354920 0.149709 -0.097579
-0.289872 0.128520 -0.065625
-0.368362 0.153682 -0.099172
-0.337317 0.141566 -0.092598
-0.336421 0.141575 -0.092712
-0.285281 0.203016 0.005850
-0.373450 0.149000 0.057633
-0.402256 0.157266 0.062761
-0.375863 0.163423 -0.096884
-0.396840 0.160315 0.060958
-0.273094 0.231375 -0.013957
-0.338363 0.167294 0.064647
-0.300852 0.185758 0.019163
-0.356882 0.213405 0.049905
-0.337035 0.201502 0.047105
-0.339376 0.163270 0.052219
-0.334097 0.140570 -0.087585
-0.340275 0.177019 0.067118
-0.329716 0.157044 -0.086798
-0.309951 0.265378 -0.022485
-0.354408 0.182489 0.066172
-0.347190 0.187022 0.064213
-0.364504 0.196200 0.065220
-0.352245 0.170356 0.066508
-0.637354 0.131889 0.007701
-0.303425 0.128249 -0.080527
-0.267474 0.226248 -0.013525
-0.384881 0.159268 -0.100899
-0.350948 0.300967 -0.020194
-0.372040 0.190840 0.072390
-0.380619 0.092425 0.017365
-0.559179 0.120172 0.001376
-0.316528 0.198453 0.016000
-0.322075 0.200430 0.038319
-0.312122 0.191736 0.040427
-0.305561 0.215102 0.008206
-0.394197 0.079628 0.020584
-0.340947 0.209765 0.043843
-0.284401 0.134809 -0.082209
-0.383141 0.180742 0.059122
-0.406137 0.166995 0.064431
-0.798737 0.255385 -0.235861
-0.321440 0.199224 0.038359
-0.320130 0.196195 0.040787
-0.290482 0.206632 0.006460
-0.354897 0.168293 0.053586
-0.300913 0.186260 0.019075
-0.352324 0.074253 0.017806
-0.331095 0.193060 0.049110
-0.331509 0.206711 0.038101
-0.347767 0.084595 0.015074
-0.302826 0.188092 0.019587
-0.347310 0.084458 0.015492
-0.333363 0.196302 0.047275
-0.348314 0.085753 0.014173
-0.357683 0.090713 0.008170
-0.334229 0.158314 0.052793
-0.346608 0.083959 0.016076
Frame ID: 246 Frame Pose: -0.532691 -0.137527 0.413561
ObjectId: 15 ObjectClass: 56 ObjectCenter: -0.562364 0.274034 -0.046363
-0.441184 0.372896 -0.118270
-0.459757 0.362894 -0.118669
-0.403501 0.287293 -0.075425
-0.430471 0.318393 -0.106503
-0.383214 0.173398 -0.112093
-0.431485 0.315383 -0.147133
-0.480997 0.404617 -0.123231
-0.453433 0.331175 -0.102014
-0.465319 0.295347 -0.082695
-0.415149 0.228971 -0.088386
-0.441485 0.323385 -0.098588
-0.431296 0.236519 -0.090601
-0.434767 0.315503 -0.097219
-0.461626 0.200035 -0.123878
-0.445470 0.325002 -0.148853
-0.425549 0.314740 -0.106592
-0.502242 0.415151 -0.152751
-0.452119 0.369435 -0.121785
-0.435989 0.321911 -0.108707
-0.425235 0.232751 -0.089673
-0.417633 0.344297 -0.090035
-0.407768 0.290026 -0.074726
-0.292243 0.169168 -0.069627
-0.432377 0.315803 -0.144807
-0.509123 0.372202 -0.115805
-0.425930 0.310801 -0.144350
-0.475983 0.205272 -0.127286
-0.477532 0.386171 -0.151112
-0.388000 0.384901 -0.140035
-0.439111 0.356979 -0.141679
-0.422180 0.303508 -0.093761
-0.343847 0.262921 -0.092853
-0.435124 0.322498 -0.107617
-0.442397 0.322896 -0.099152
-0.440928 0.236832 -0.093567
-0.445941 0.376262 -0.111467
-0.430956 0.311011 -0.142799
-0.429650 0.313981 -0.145323
-0.424883 0.307572 -0.140794
-0.492547 0.387878 -0.129059
-0.431173 0.318944 -0.107447
-0.452279 0.356714 -0.114674
-0.430903 0.343105 -0.187513
-0.416222 0.332520 -0.182227
-0.751415 0.164139 0.018633
-0.751675 0.165686 0.017709
-0.855182 0.411909 -0.107936
-0.753630 0.121256 0.007525
-0.750034 0.118287 0.013011
-0.743952 0.111269 0.022594
-0.739762 0.108103 0.027242
-0.837931 0.088589 0.087111
-0.815428 0.074834 0.107378
-0.802444 0.194024 0.133151
-0.809735 0.202479 0.129015
-0.793845 0.192240 0.133181
-0.803501 0.194182 0.135532
-0.788234 0.186882 0.137526
-0.810899 0.308668 0.126274
-0.736616 0.106331 0.031715
-0.805253 0.195116 0.134659
-0.819998 0.322180 0.118987
-0.805812 0.300058 0.132460
-0.794665 0.194479 0.130319
-0.826604 0.306686 0.105099
-0.790729 0.190984 0.133489
Frame ID: 260 Frame Pose: -0.242874 -0.068468 0.266403
ObjectId: 16 ObjectClass: 62 ObjectCenter: -0.511138 0.112733 0.137695
-0.497208 0.094547 0.173929
-0.474632 0.104731 0.171593
-0.498082 0.096475 0.184332
-0.456739 0.116475 0.163158
-0.481144 0.136640 0.171246
-0.494216 0.091859 0.172829
-0.539491 0.123292 0.197723
-0.406916 0.122169 0.141715
-0.460808 0.116335 0.165260
-0.890585 0.148107 0.372633
-0.459894 0.106586 0.164098
-0.490974 0.089542 0.171492
-0.455881 0.106914 0.162456
-0.441143 0.112591 0.155203
-0.540453 0.123224 0.198653
-0.496235 0.109159 0.179508
-0.479027 0.102165 0.171642
-0.471145 0.051615 0.115295
-0.418302 0.123449 0.139481
-0.418280 0.115524 0.144072
-0.499672 0.090659 0.175776
-0.438052 0.116497 0.153612
-0.484739 0.102476 0.174595
-0.535446 0.101874 0.187578
-0.434730 0.129459 0.145936
-0.449050 0.124130 0.129628
-0.445154 0.132799 0.148719
-0.411368 0.115434 0.128311
-0.402872 0.034537 0.107440
-0.457488 0.145796 0.146818
-0.483582 0.098652 0.178811
-0.406504 0.100471 0.135042
-0.502516 0.099406 0.182504
-0.406740 0.099539 0.135215
-0.465253 0.147895 0.149087
-0.501472 0.088677 0.171914
-0.403722 0.034513 0.107934
-0.465670 0.151214 0.147498
-2.165037 0.630450 -0.605148
-0.410860 0.103526 0.136624
-0.421862 0.040046 0.105810
-0.491715 0.086124 0.171208
-0.487581 0.084483 0.169784
-0.492413 0.086718 0.169211
-0.486251 0.084697 0.170148
-0.896592 0.101756 0.030306
-0.494744 0.171515 0.109060
-0.502051 0.100602 0.183829
-0.937234 0.108492 -0.009131
-0.485482 0.084573 0.172440
-0.412764 0.104135 0.136471
-0.484907 0.083945 0.171573
-0.411077 0.104415 0.137264
-0.405097 0.116751 0.126510
-0.492912 0.096157 0.180075
-0.418972 0.039262 0.108442
-0.416517 0.038410 0.109485
-0.409916 0.121988 0.123572
-0.413085 0.104198 0.136216
Frame ID: 310 Frame Pose: -0.359738 -0.093077 0.335708
ObjectId: 18 ObjectClass: 62 ObjectCenter: -0.659250 0.091624 0.222901
-0.593095 0.099859 0.252957
-0.569520 0.112398 0.251456
-0.574748 0.055119 0.288703
-0.565674 0.095841 0.238209
-0.541155 0.118037 0.232774
-0.556434 0.053727 0.277890
-0.566408 0.096187 0.239904
-0.548344 0.095563 0.278039
-0.545615 0.121560 0.235120
-0.562986 0.116121 0.245730
-0.562799 0.107917 0.244891
-0.551195 0.105274 0.215757
-0.579264 0.057268 0.292360
-0.533436 0.077090 0.236683
-0.552185 0.114997 0.241805
-0.534857 0.108611 0.249474
-0.535876 0.119323 0.213638
-0.553323 0.092146 0.234918
-0.529506 0.117909 0.213567
-0.548786 0.109064 0.220695
-0.563355 0.094929 0.237952
-0.547652 0.096905 0.276949
-0.551567 0.104977 0.217065
-0.552744 0.096308 0.280475
-0.551814 0.106172 0.215483
-0.526191 0.110335 0.247539
-0.557929 0.104378 0.244096
-0.545520 0.117502 0.235837
-0.540827 0.101849 0.212190
-0.545133 0.106087 0.238704
-0.524207 0.104765 0.247231
-0.549913 0.110862 0.223293
-0.580888 0.058908 0.292966
-0.554323 0.099457 0.278202
-0.556362 0.098324 0.240607
-0.529024 0.089636 0.271451
-0.525407 0.104899 0.246369
-0.549122 0.109708 0.220633
-0.502516 0.099406 0.182504
-0.575433 0.114844 0.218523
-0.540625 0.107296 0.248422
-0.552358 0.054553 0.277888
-0.588535 0.104789 0.249481
-0.556689 0.056858 0.280968
-0.553874 0.103466 0.246130
-0.552502 0.095278 0.281176
-0.555328 0.104650 0.217573
-0.554332 0.094272 0.233989
-0.593153 0.104054 0.253250
-0.538840 0.122127 0.199035
-0.561010 0.093572 0.238745
-0.621399 0.119975 0.251792
-0.582902 0.042099 0.286998
-0.551863 0.095401 0.281516
-1.101881 0.102749 0.143147
-1.110456 0.080039 0.195518
-1.200510 0.078045 0.211298
-0.538535 0.052386 0.277211
-0.582260 0.042586 0.287208
-1.048585 0.086131 0.139514
-1.036976 0.096286 0.131763
-1.160808 0.068410 0.207359
-1.118372 0.054474 0.237878
-1.096315 0.051598 0.238140
-1.198102 0.100484 0.154798
-1.122427 0.053472 0.239740
-1.144222 0.068727 0.207739
-1.122174 0.068963 0.208834
-0.540453 0.123224 0.198653
-0.548307 0.097191 0.276697
-0.545249 0.126254 0.201004
-0.583827 0.039766 0.287653
-0.516897 0.025589 0.152077
-1.471861 0.088079 0.266853
-0.587944 0.043413 0.287615
-0.568142 0.043129 0.282856
-0.548880 0.096048 0.277634
-0.563624 0.042078 0.281251
-0.560095 0.093749 0.238037
-1.119648 0.054327 0.236400
-0.561149 0.095210 0.235590
-0.752873 0.298064 0.089520
-0.589464 -0.015294 0.260611
-0.581830 0.059553 0.291848
-0.572219 0.040275 0.286136
-0.499047 0.107657 0.181194
-0.495212 0.099959 0.183647
-0.499736 0.023530 0.156114
-0.496956 0.037968 0.157556
-0.581697 0.059669 0.292105
-0.501905 0.025051 0.152787
-0.550859 0.106242 0.218838
-1.106718 0.177585 0.013648
-0.545539 0.122967 0.198070
-0.543894 0.121955 0.198452
-0.505912 0.021835 0.142435
-0.777597 0.142138 -0.001563
-0.761749 0.135887 0.008999
-0.494649 0.103056 0.185281
-0.499640 0.040200 0.156129
Frame ID: 351 Frame Pose: -0.604467 -0.178457 0.445558
ObjectId: 19 ObjectClass: 63 ObjectCenter: -1.049574 0.110603 0.046999
-0.828540 0.075988 0.102006
-0.952220 0.108272 0.063336
-0.939021 0.093768 0.106599
-1.040856 0.085268 0.116836
-1.101881 0.102749 0.143147
-1.153786 0.117391 0.133837
-0.997035 0.102093 0.101390
-1.036918 0.085272 0.121434
-0.990453 0.076093 0.031743
-1.050852 0.089984 0.120786
-0.976107 0.099110 0.106783
-1.045032 0.089773 0.123544
-1.022277 0.057976 0.056417
-1.045039 0.051064 0.087901
-1.033793 0.051700 0.106395
-0.985560 0.081893 0.036672
-1.011327 0.084369 0.030259
-1.208963 0.073145 0.074657
-0.997994 0.102933 0.100971
-0.998816 0.105075 0.099193
-0.996504 0.103069 0.100900
-1.019093 0.058393 0.057100
-1.130175 0.051330 0.066721
-0.903901 0.058740 0.177386
-1.063844 0.101670 0.151541
-0.953135 0.107306 0.063743
-0.970387 0.091526 0.113403
-0.981250 0.064629 0.036412
-1.034602 0.040191 0.096917
-0.979532 0.085323 0.067325
-0.975563 0.086111 0.070286
-1.051432 0.053248 0.090653
-1.054107 0.052371 0.090217
-0.982343 0.096493 0.107526
-1.004020 0.072743 0.022241
-1.058367 0.044492 0.089578
-1.058411 0.044873 0.088927
-1.214068 0.173967 0.101249
-1.039647 0.093904 0.136504
-0.985236 0.089286 0.063742
-1.023339 0.131628 0.033309
-1.365713 0.363504 -0.313076
-1.484826 0.399437 -0.353306
-1.059025 0.103095 0.130143
-0.980904 0.089387 0.066506
-0.984713 0.090503 0.066045
-0.992839 0.102111 0.102353
-0.963141 0.106809 0.069169
-1.321914 0.214968 -0.244098
-1.321216 0.214687 -0.242872
-1.034090 0.091091 0.137879
-0.998709 0.077535 0.043181
-0.918205 0.109908 0.139197
-0.951024 0.106841 0.065362
-1.036601 0.070239 0.113904
-1.051017 0.072365 0.099327
-1.038698 0.068673 0.109824
-1.186108 0.107519 -0.041332
-1.060220 0.044566 0.089388
-0.922192 0.111555 0.136963
-1.450194 0.281268 -0.363471
-0.955063 0.105333 0.058320
-1.018646 0.084663 0.146800
-1.034281 0.091100 0.147729
-1.002348 0.104867 0.097925
-1.035269 0.096985 0.132560
-1.089874 0.121935 0.103162
-0.994659 0.099540 0.107342
-1.491441 0.291405 -0.396049
-0.953779 0.109180 0.061457
-1.004030 0.088902 0.190023
-1.055838 0.074911 0.104217
-1.069178 0.079681 0.097250
-1.003913 0.078744 0.157933
-0.888311 0.035000 0.147601
-0.969066 0.082517 0.080148
-0.939715 0.121895 0.085988
-0.939150 0.123255 0.090383
-1.062667 0.047981 0.083473
-1.039150 0.117494 -0.039855
-0.962748 0.078317 0.084719
-0.973796 0.082755 0.026639
-0.952419 0.112145 0.059185
-0.934573 0.121059 0.093363
-0.975494 0.083018 0.074955
-0.953157 0.044330 0.176605
-0.980214 0.085854 0.072730
-1.028289 0.081656 0.126899
-1.041461 0.050224 0.100747
-1.461899 0.278540 -0.420108
-1.038940 0.097429 0.147927
-1.063563 0.130369 -0.066266
-0.936195 0.085967 0.099034
-1.010633 0.072038 0.140295
-1.001105 0.085397 0.190839
-0.981105 0.098288 0.145654
-0.941745 0.115394 0.085657
-0.980631 0.088459 0.066919
-1.034870 0.070171 0.115582
-0.997671 0.090213 0.011134
-0.963663 0.067661 0.048654
-0.917348 0.109196 0.139923
-0.955512 0.054121 0.085402
-0.990973 0.098895 0.107539
-0.968378 0.070300 0.043033
-1.326383 0.216870 -0.249397
-0.934360 0.121693 0.095641
-1.060272 0.091356 0.118745
-0.988329 0.103228 0.138556
-0.953676 0.096423 0.166890
-0.992644 0.096308 0.055728
-0.969219 0.111435 0.062165
-0.940458 0.123655 0.089083
-1.051438 0.113039 -0.017592
-0.969443 0.064830 0.212233
-0.916698 0.108807 0.139922
-1.565793 0.420456 -0.287720
-1.005592 0.089533 0.189349
-0.947243 0.097039 0.084171
Frame ID: 421 Frame Pose: -0.604467 -0.178457 0.445558
ObjectId: 20 ObjectClass: 56 ObjectCenter: -0.937141 0.147210 0.209614
-1.002218 0.162661 0.251119
-0.991010 0.145932 0.253711
-1.000172 0.162060 0.254243
-1.011813 0.170961 0.251420
-0.897621 0.181940 0.179126
-0.960024 0.061694 0.245716
-0.989928 0.162501 0.253832
-0.862009 0.141438 0.222349
-0.899673 0.183514 0.177754
-0.904313 0.164632 0.211800
-0.899861 0.182571 0.178296
-0.901239 0.162429 0.212017
-1.025340 0.177022 0.247299
-0.992749 0.144008 0.251289
-0.938286 0.207157 0.176595
-0.998462 0.144529 0.250277
-0.995054 0.145604 0.251483
-0.926385 0.178860 0.138763
-0.899431 0.184490 0.177266
-0.923307 0.144224 0.236122
-0.983310 0.152531 0.261700
-0.984107 0.133934 0.256393
-0.967190 0.123734 0.260609
-0.958705 0.059237 0.246224
-0.964028 0.074426 0.251054
-0.987673 0.084865 0.245466
-0.897744 0.183372 0.179433
-0.934197 0.189123 0.132448
-0.930968 0.185122 0.136456
-0.919365 0.174029 0.144015
-0.946634 0.135616 0.262369
-0.935769 0.190252 0.130845
-0.932763 0.187225 0.133722
-0.992911 0.148466 0.253952
-0.893094 0.086865 0.179844
-0.890667 0.083889 0.182675
-0.889964 0.082772 0.183825
-0.889985 0.082454 0.184576
-0.889183 0.102041 0.180450
-0.901391 0.185130 0.176225
-0.888712 0.102039 0.181995
-0.931829 0.137495 0.289773
-0.925127 0.185439 0.194527
-0.931040 0.183864 0.136846
-0.965797 0.162990 0.277186
-0.885008 0.100566 0.185877
-0.942613 0.154684 0.229623
-0.958275 0.058806 0.224118
-0.890481 0.087646 0.179289
-0.936893 0.189562 0.131159
-1.010571 0.159246 0.241839
-0.943163 0.154192 0.229348
-0.903323 0.186128 0.174834
-0.912957 0.174844 0.203355
-1.006112 0.155483 0.244841
-0.894310 0.104429 0.176541
-0.897307 0.211530 0.195253
-0.892422 0.205633 0.199127
-0.953676 0.096423 0.166890
-0.953318 0.143263 0.259871
Frame ID: 441 Frame Pose: -0.532691 -0.137527 0.413561
ObjectId: 21 ObjectClass: 60 ObjectCenter: -0.735783 0.055747 0.370685
-0.696077 0.069875 0.305647
-0.682826 0.057665 0.369215
-0.807961 0.020415 0.418079
-0.766111 0.031918 0.428979
-0.846580 0.073098 0.445961
-0.750449 0.031278 0.428938
-0.693251 0.075925 0.298076
-0.684593 0.058481 0.368971
-0.745439 0.066268 0.332541
-0.700420 0.037908 0.340481
-0.819480 0.026587 0.405554
-0.694252 0.074890 0.299320
-0.682777 0.057884 0.368571
-0.685156 0.058440 0.368018
-0.686066 0.058503 0.366897
-0.757945 0.028070 0.433210
-0.838388 0.033890 0.407953
-0.766742 0.034206 0.426110
-0.757228 0.028290 0.433167
-0.594399 0.069716 0.316391
-0.577493 0.081658 0.291519
-0.843797 0.037362 0.407046
-0.696679 0.073030 0.301650
-0.832277 0.035696 0.417599
-0.634074 0.048412 0.373350
-0.611325 0.058707 0.342512
-0.599613 0.065957 0.325226
-0.577461 0.080799 0.291855
-0.756449 0.032188 0.426919
-0.682085 0.055757 0.368278
-0.747932 0.061698 0.335911
-0.833408 0.035967 0.418023
-0.741452 0.058505 0.337456
-0.763763 0.032435 0.425814
-0.842555 0.037412 0.406330
-0.684254 0.058003 0.367964
-0.756595 0.025993 0.433694
-0.576557 0.077130 0.293205
-0.635045 0.048629 0.373460
-0.793765 0.011935 0.409209
-0.820105 0.030387 0.416108
-0.699427 0.073976 0.303193
-0.692637 0.071066 0.302361
-0.764452 0.031013 0.428159
-0.755791 0.025440 0.433019
-0.749819 0.024034 0.430999
-0.754892 0.025943 0.433979
-1.118916 0.273824 0.330238
-0.734684 0.060606 0.334356
-0.695406 0.082387 0.294183
-0.834948 0.021894 0.425434
-0.702675 0.089964 0.289604
-0.738651 0.061851 0.333882
-0.763314 0.032042 0.426560
-0.743820 0.065740 0.332302
-0.838551 0.029132 0.429281
-0.835837 0.026924 0.428521
-0.829373 0.026933 0.410449
-0.830918 0.034329 0.418206
Frame ID: 461 Frame Pose: -0.604467 -0.178457 0.445558
ObjectId: 22 ObjectClass: 62 ObjectCenter: -0.913360 -0.012624 0.431437
-0.852616 0.032111 0.425997
-0.804162 -0.008490 0.413775
-0.839628 0.025154 0.425284
-0.805212 -0.071951 0.389674
-0.801982 -0.009287 0.414034
-0.857805 0.047177 0.412239
-0.834948 0.021894 0.425434
-0.802066 -0.008334 0.414075
-0.837481 0.034113 0.413059
-0.844418 0.025049 0.426708
-0.805478 -0.071647 0.389088
-0.861087 0.009927 0.455423
-0.842274 0.024996 0.426283
-0.802088 -0.007985 0.414185
-0.855969 0.007519 0.454984
-0.801177 -0.008086 0.414414
-0.855925 0.007550 0.454816
-1.300587 0.011312 0.360573
-0.844865 0.025464 0.427610
-1.131174 -0.021413 0.367171
-0.802939 -0.006856 0.414465
-0.860330 0.010378 0.456999
-0.855369 0.007689 0.455870
-0.839769 0.025800 0.426056
-1.044492 0.007568 0.308493
-1.728700 0.066894 0.353671
-1.068422 0.015248 0.302730
-1.119653 0.205487 0.367888
-0.851607 0.029194 0.428320
-0.876419 -0.023107 0.492093
-0.886906 -0.019522 0.492241
-0.872513 -0.053293 0.480256
-0.872133 -0.039794 0.485438
-0.858478 -0.030063 0.478646
-0.869493 -0.040527 0.485314
-0.944417 -0.091105 0.452098
-0.980480 -0.086777 0.452682
-0.863737 -0.019465 0.491474
-0.859227 -0.029208 0.479363
-0.886836 0.009977 0.474280
-0.882708 0.007521 0.473004
-0.861299 0.009607 0.455879
-1.065459 0.016338 0.284753
-1.165419 0.009156 0.291866
-1.195362 0.018854 0.279237
-0.886427 0.008669 0.475186
-0.863924 -0.028222 0.478197
-0.863109 -0.020749 0.491038
-0.859550 -0.029525 0.479279
-0.858228 -0.031477 0.477526
-0.856429 -0.094459 0.453657
-0.875186 0.003442 0.474081
-0.883214 0.008156 0.473064
-1.200510 0.078045 0.211298
-0.842555 0.037412 0.406330
-1.354929 0.093775 0.156629
-0.810670 0.021501 0.452415
-0.815215 0.029094 0.449957
-0.831567 0.033323 0.418398
-0.838037 0.019556 0.478927
-0.840122 0.020992 0.479091
-0.862746 0.011775 0.457063
-0.859749 -0.093953 0.452743
-0.800791 -0.011512 0.414923
-0.866429 -0.020185 0.492008
-0.804810 -0.072150 0.388828
-0.861842 -0.021038 0.491948
-0.862134 -0.029208 0.480841
-0.859925 -0.094317 0.453960
-0.843797 0.037362 0.407046
-0.807458 -0.071664 0.388738
-0.802761 -0.073094 0.389903
-0.839420 0.019633 0.429192
-0.863590 -0.019961 0.491814
-0.881534 0.005720 0.476919
-0.820207 0.004815 0.407733
-0.831312 0.030506 0.416798
-0.930890 -0.036012 0.477713
-0.869096 -0.091530 0.450946
-0.882393 -0.087732 0.450062
-0.804894 -0.072431 0.388895
-0.880201 -0.039925 0.482527
-1.257121 -0.002053 0.420638
-1.144745 -0.028377 0.449405
-1.098158 -0.039331 0.454816
-1.099498 -0.038832 0.454857
-0.873213 -0.030587 0.487230
-0.865151 -0.019351 0.491034
-0.804930 -0.076341 0.374283
-0.810349 -0.073872 0.370924
Frame ID: 477 Frame Pose: -0.601909 -0.173391 0.463652
ObjectId: 23 ObjectClass: 66 ObjectCenter: -0.805746 0.009284 0.498873
-0.817155 0.003843 0.495499
-0.791722 0.013812 0.466174
-0.799990 0.003888 0.506199
-0.745821 0.019941 0.460235
-0.788514 0.005955 0.500454
-0.747070 0.021665 0.460420
-0.743885 0.018429 0.461122
-0.819224 0.005197 0.493520
-0.820774 0.006148 0.493830
-0.790515 0.010633 0.492494
-0.796432 0.021925 0.461672
-0.787325 0.014306 0.461820
-0.765082 0.019433 0.468952
-0.821035 0.003589 0.503934
-0.803060 0.014553 0.472989
-0.747143 0.024259 0.446901
-0.832968 0.013700 0.497217
-0.827407 0.004051 0.533974
-0.791499 0.009120 0.501119
-0.818308 0.005259 0.518616
-0.830717 -0.000735 0.513883
-0.831375 -0.001378 0.517980
-0.834160 0.014930 0.498454
-0.827292 0.009077 0.499433
-0.805084 0.007565 0.506162
-0.837852 0.036455 0.494868
-0.840789 0.037986 0.488415
-0.805535 0.002981 0.513289
-0.808955 -0.001250 0.531818
-0.815853 0.038719 0.497450
-0.830272 0.006426 0.534465
-0.821294 -0.000041 0.534097
-0.814306 0.002618 0.521712
-0.747726 0.021941 0.461145
-0.825611 -0.004021 0.515574
-0.781111 0.009997 0.493383
-0.801649 0.004461 0.506226
-0.819998 -0.000828 0.533610
-0.812509 0.004295 0.490175
-0.817112 0.013718 0.493207
-0.783043 0.012063 0.493656
-0.819338 -0.001377 0.533696
-0.824485 -0.002259 0.524287
-0.817459 0.007742 0.490482
-0.817687 0.007864 0.490420
-0.813758 0.016216 0.484667
-0.748075 0.022962 0.460198
-0.777766 0.007450 0.492531
-0.821803 0.004006 0.504007
-0.779509 0.049686 0.425977
-0.745832 0.026186 0.450100
-0.871602 0.068208 0.469539
-0.779688 0.008821 0.493155
-0.793783 -0.001112 0.507464
-0.823183 -0.006243 0.513667
-0.826427 0.003196 0.535731
-0.808624 0.000403 0.503250
-0.811799 0.006080 0.503840
-0.829178 -0.001682 0.513750
-0.790635 0.008054 0.500058
-0.780209 0.008187 0.462600
-0.821606 -0.000384 0.533536
-0.818660 0.004972 0.493910
-0.818685 0.000907 0.535084
-0.831938 0.000589 0.515458
-0.807656 -0.007565 0.524708
-0.802903 0.002609 0.514620
-0.828539 -0.002242 0.513860
-0.828269 0.001334 0.511438
-0.827614 0.008498 0.536479
