Frame ID: 26 Frame Pose: -0.974199 -0.364213 0.758127
ObjectId: 1 ObjectClass: 56 ObjectCenter: 0.228888 0.134361 0.920545
0.160844 0.086198 0.883910
0.240429 0.024978 0.824244
0.262671 0.264013 1.057523
0.252229 0.147895 0.907157
0.268141 0.078435 0.834367
0.306329 0.061404 0.883280
0.296227 0.086244 0.873762
0.209216 0.181308 1.007927
0.272187 0.048616 0.889339
0.240202 0.125678 0.868499
0.298271 0.088693 0.880304
0.217137 0.122928 0.963677
0.283926 0.021765 0.847741
0.145638 0.174105 0.970515
0.183727 0.269564 0.796792
0.155725 0.084936 0.889193
0.266525 0.020483 0.798019
0.231222 0.305216 0.903884
0.229111 0.236463 0.957113
0.203370 0.187479 0.982462
0.299715 0.059708 0.880005
0.251265 0.146919 0.891760
0.227179 0.140077 0.899808
0.242728 0.103993 0.820139
0.295599 0.089934 0.868947
0.246259 0.128263 0.881549
0.108303 0.255586 1.015972
0.171901 0.029327 0.825787
0.328308 -0.020526 0.842526
0.105678 0.254172 0.993267
0.199808 0.180819 0.960982
0.252176 0.213811 1.012609
0.215205 0.311214 0.902510
0.257363 0.077520 0.834728
0.216517 0.118347 0.958695
0.318849 0.064615 0.933814
0.257975 0.122101 0.869438
0.261726 0.134901 0.927226
0.230673 0.156213 0.854933
0.249393 0.137515 0.887194
0.205205 0.295674 0.877482
0.230875 0.303024 0.900172
0.237419 0.240717 0.981508
0.235044 0.237577 0.969034
0.151490 0.082785 0.855581
0.217237 0.124581 0.968597
0.235122 0.023143 0.819424
0.300891 0.060585 0.892506
0.220350 0.198904 1.042443
0.221940 0.026624 0.791523
0.238665 0.034790 0.786568
0.336272 0.002281 0.862516
0.292962 0.096142 0.866708
0.276586 0.117279 0.879459
0.224814 0.139202 0.886265
0.213082 0.311608 0.920591
0.228774 0.302041 0.894533
0.207926 0.302425 0.874095
0.252276 0.109730 0.855175
0.238284 0.125638 0.856254
0.238741 0.127732 0.854895
0.167767 0.035885 0.828886
0.157134 0.085649 0.903680
0.162778 0.029820 0.824156
0.169463 0.032387 0.824327
0.216538 0.199965 1.020640
0.241614 0.207817 0.989163
0.210880 0.306314 0.909242
0.327266 0.063551 0.966435
0.285535 0.120504 0.908840
0.221810 0.113666 0.964468
0.218188 0.110171 0.824028
0.259382 0.127229 0.885464
0.254540 0.142070 0.898499
0.244288 0.115480 0.882636
0.321809 0.105386 0.947729
0.223273 0.026139 0.794926
0.287697 0.026397 0.989651
0.106218 0.258422 1.000076
0.251022 0.108909 0.849313
0.281649 0.126276 0.929525
0.232117 0.303781 0.899074
0.214805 0.311010 0.898564
0.303136 0.086560 0.888264
0.156553 0.085586 0.895554
0.239759 0.245107 1.000185
0.218060 0.203057 1.032657
0.200109 0.146572 0.883191
0.211786 0.122331 0.945350
0.243382 0.125083 0.912720
0.226921 0.123185 0.821214
0.234826 0.110868 0.847306
0.332349 0.064591 0.980342
0.247042 0.077745 0.809734
0.229213 0.289404 0.903454
0.226253 0.298149 0.879062
0.202088 0.295227 0.873137
0.104101 0.255323 0.983037
0.271903 0.114492 0.867650
0.244987 0.106868 0.830416
0.225088 0.019870 0.782528
0.239532 0.028035 0.852818
0.214735 0.310921 0.897301
0.198960 0.223957 1.045753
0.216520 0.203017 1.020893
0.242473 0.306629 0.955948
0.275345 0.038105 0.879226
0.224551 0.026624 0.796806
0.200200 0.146780 0.886519
0.214973 0.124624 0.960334
0.253790 0.128383 0.944700
0.228073 0.125343 0.806203
0.249961 0.117293 0.899019
0.226513 0.030166 0.793662
0.238798 0.312074 0.922240
0.215521 0.296815 0.915989
0.219808 0.319194 0.942312
0.304946 0.255345 0.923424
0.248331 0.119135 0.846548
0.252827 0.137272 0.909293
0.257989 0.110858 0.869284
0.308984 0.062340 0.915502
0.281396 0.119326 0.896816
0.251001 0.035128 0.829881
0.245731 0.213746 1.001680
0.304287 0.091655 0.880529
0.206868 -0.018198 0.840588
0.332669 0.000704 0.846851
0.363748 0.000785 0.921907
0.231382 0.114399 0.864812
0.212919 0.123748 0.946097
0.229407 0.026126 0.805144
0.232860 0.112941 0.853767
0.315288 0.091640 0.915903
0.234646 0.112465 0.855244
0.191774 0.217940 1.024438
0.234585 0.162515 0.876337
0.106445 0.248530 1.002165
0.178979 0.217086 1.011836
0.191492 0.219042 1.032813
0.102228 0.239966 1.003060
0.286533 0.190066 1.034122
0.250636 0.172330 1.003183
0.105214 0.254555 0.988528
0.270597 0.020256 0.804024
0.232609 0.142868 0.896570
0.324813 0.014607 0.841785
0.136806 0.040187 0.956738
0.224962 0.025809 0.794735
0.258378 0.079233 0.842559
0.109462 0.223473 0.965388
0.251143 0.121382 0.848454
0.364211 0.012125 0.934127
0.239615 0.164857 0.889486
0.260223 0.171308 0.963643
0.235703 0.159826 0.875500
0.215079 0.250436 1.011488
0.332865 0.155061 1.032403
0.281458 0.133613 0.888374
0.272368 0.133938 0.867950
0.234656 0.148483 0.935011
0.096690 0.228962 0.959925
0.095942 0.227762 0.959026
0.298118 -0.015907 0.787442
0.195977 0.143583 0.869146
0.250403 0.035443 0.826360
0.233660 0.238263 0.973161
0.169508 0.034777 0.829668
0.236938 0.033663 0.784644
0.326732 0.002986 0.832499
0.107411 0.252073 1.019147
0.333430 0.015549 0.861741
0.239446 0.051022 0.788969
0.236534 0.133043 0.835747
0.252078 0.151310 0.903788
0.309009 0.062107 0.907786
0.233178 0.134018 1.011868
0.224481 0.302969 0.897630
0.228105 0.138012 0.887554
0.141729 0.042472 0.979593
0.244849 0.034652 0.807125
0.253448 0.077517 0.826847
0.234230 0.238173 0.975728
0.289081 -0.023485 0.875824
0.105868 0.238158 1.009587
0.230813 0.139129 0.915961
0.351119 0.002199 0.879349
0.287090 -0.019304 0.766619
0.259412 0.252393 1.036358
0.164688 0.088990 0.905364
0.148807 0.184961 1.122164
0.227808 0.319909 0.910710
0.142785 0.186754 1.114131
0.226973 0.025046 0.795440
0.144754 0.177976 1.080122
0.316558 -0.000751 0.813249
0.173739 0.090903 0.931393
0.242623 0.136101 0.948373
0.241953 0.152873 0.877627
0.219786 0.300672 0.929040
0.217255 0.118991 0.959079
0.251360 0.242340 0.987368
0.105060 0.253078 0.989226
0.308663 -0.017696 0.810408
0.222450 0.119800 0.964244
0.218067 0.110644 0.834749
0.309137 -0.019716 0.803998
0.165935 0.013583 0.810792
0.252577 0.246949 1.014927
0.156715 0.185383 1.124336
0.212696 0.118386 0.953797
0.237347 0.155432 0.871845
0.244571 0.243515 0.985104
0.367337 0.000276 0.883716
0.161838 0.170574 1.117094
0.146667 0.184622 1.118823
0.216890 0.285289 0.919964
0.209361 0.112695 0.944566
0.225435 0.138537 0.877782
0.173679 0.028358 0.834921
0.166054 0.032423 0.812136
0.171852 0.271782 0.806911
0.198829 0.276203 0.892919
0.191479 0.221270 1.032878
0.104766 0.253070 0.994326
0.252732 0.131094 0.960019
0.296277 0.243616 0.957513
0.231060 0.022121 0.804170
0.181408 0.290255 0.843316
0.300797 0.166068 0.968922
0.365085 0.030564 0.985585
0.157271 0.166591 1.102700
0.250868 0.209912 1.006131
0.246745 0.158296 0.884115
0.281183 0.064351 0.878267
0.224464 0.113998 0.973408
0.139500 0.041133 0.962596
0.279524 0.064307 0.874085
0.223279 0.026061 0.793741
0.268652 0.329239 0.979669
0.230751 0.140102 0.883905
0.219272 0.288065 0.927990
0.247424 0.238490 0.987370
0.257165 0.211194 1.019687
0.248795 0.205975 0.989216
0.144594 0.192095 1.117156
0.142925 0.064680 0.927048
0.099103 0.255538 1.000741
0.154981 0.187154 1.134317
0.230074 0.139471 0.889085
0.099904 0.253635 1.009261
0.239144 0.142090 0.893090
0.145680 0.184722 1.122258
0.107164 0.245580 1.019100
0.164885 0.201094 1.159180
0.251795 0.245932 1.005096
0.213328 0.284481 0.914025
0.212887 0.309323 0.916549
0.303684 0.249283 0.981919
0.214124 0.292328 0.885878
0.242924 0.235146 0.986018
0.240669 0.126726 0.948505
0.240075 0.126908 0.950031
0.296024 0.174587 1.092139
0.109556 0.261146 1.005229
0.165318 0.027269 0.826170
0.225453 0.203563 1.035134
0.240433 0.311155 0.914462
0.205810 0.117388 0.922464
0.216873 0.121251 0.935776
0.168227 0.198870 1.159243
0.221699 0.113034 0.960887
0.167533 0.103279 0.880201
0.150666 0.196009 1.124689
0.271329 0.031845 0.938232
0.234324 0.125468 0.950071
0.324312 0.143594 1.052719
0.078542 0.239041 0.967086
0.236413 0.212015 1.048485
0.234378 0.207605 1.048958
0.169257 0.028029 0.828966
0.111784 0.261720 1.007113
0.179990 0.029874 0.829977
0.115014 0.261060 1.007516
0.240036 0.209176 0.994682
0.222524 0.112629 0.964902
0.197267 0.224559 1.027180
0.219045 0.267983 0.952770
0.160702 0.190313 1.106370
0.099440 0.250075 0.985111
0.234917 0.140120 0.889515
0.227437 0.137941 0.883129
0.145300 0.193177 1.112298
0.192975 0.172507 0.948774
0.220004 0.020349 0.905258
0.117563 0.263936 1.002026
0.225991 0.184478 1.010754
0.217584 0.284489 0.918719
0.159917 0.021506 0.818032
0.193077 0.017125 0.881057
0.213126 0.247402 1.004020
0.245656 0.192053 1.021784
0.191531 0.111183 0.874751
0.246403 0.209875 0.994800
0.161396 0.194194 1.133902
0.220521 0.121899 0.934111
0.203576 0.279532 0.913090
0.116030 0.165740 1.087183
0.241896 0.187864 1.020719
0.134820 0.180990 1.106516
0.198897 0.102221 0.844259
0.228812 0.025766 0.912732
0.200043 0.239164 0.998833
0.243136 0.214608 1.049733
0.217681 0.108728 0.958854
0.201120 0.102049 0.951342
0.140334 0.190528 1.110459
0.203249 0.188372 1.149743
0.237070 0.194826 1.018583
0.299688 0.227198 0.946147
0.233722 0.194841 1.016014
0.235389 0.114095 0.865873
0.187979 0.109688 0.872648
0.148046 0.180868 1.077218
0.303399 0.142512 1.020551
0.323207 0.086887 0.907291
0.238379 0.189213 1.017628
0.244884 0.120473 0.872045
0.302079 0.143045 1.016868
0.190309 0.221097 1.015825
0.329488 0.089063 0.913789
0.247665 0.212980 1.056715
0.150099 0.195331 1.118239
0.189715 0.233963 0.991322
0.225764 0.148796 1.049768
0.240546 0.203308 0.986210
0.102305 0.252635 0.984235
0.151691 0.094758 0.869090
0.218324 0.120214 0.900395
0.247042 0.192355 1.022488
0.184868 0.179696 0.958771
0.309735 0.082375 0.904395
0.224850 0.191278 1.010846
0.188556 0.205776 1.071180
0.208377 0.182768 1.003828
0.194365 0.237096 0.996488
0.190148 0.232337 0.994062
0.318662 0.204339 0.905265
0.200853 0.125918 0.884892
0.204672 0.014507 0.789736
0.205972 0.015812 0.792511
0.178348 0.008324 0.788864
0.147847 -0.003218 0.816334
0.215207 0.143231 0.882420
0.212154 0.029956 0.823121
0.185662 0.024016 0.820636
Frame ID: 26 Frame Pose: -0.767516 -0.247354 0.583341
ObjectId: 2 ObjectClass: 73 ObjectCenter: -0.086023 -0.038735 0.933566
-0.033616 -0.050897 0.952729
-0.065396 -0.012402 0.911067
-0.104540 -0.037816 0.944683
-0.086829 -0.040234 1.022691
-0.061334 -0.006816 0.844950
-0.061775 -0.031661 0.919432
-0.044331 -0.047195 0.909206
-0.135740 -0.022335 0.910244
-0.040950 -0.049586 0.850581
-0.059730 -0.055623 0.923626
-0.112217 -0.040820 1.021537
-0.100951 -0.071358 0.990597
-0.096848 -0.055317 0.981376
-0.061201 -0.006804 0.858845
-0.096394 -0.059595 0.982890
-0.096014 -0.056360 0.982787
-0.028336 -0.053475 0.934672
-0.061535 -0.006040 0.875561
-0.076608 -0.032061 0.892828
-0.068897 -0.029514 0.911191
-0.055178 -0.031060 0.886069
-0.067142 -0.064070 0.978518
-0.098732 -0.018030 0.907971
-0.096714 -0.011882 0.900230
-0.044974 -0.056921 0.917931
-0.080141 -0.027849 0.897625
-0.025456 -0.055932 0.969449
-0.036292 -0.048047 0.860793
-0.062592 -0.005772 0.893125
-0.056075 -0.031701 0.924070
-0.063959 -0.062670 0.962376
-0.073912 -0.008111 0.875073
-0.096993 -0.011813 0.889261
-0.087473 -0.040163 0.920491
-0.136610 -0.019852 0.900032
-0.060628 -0.062734 0.978497
-0.045324 -0.053475 0.966425
-0.052076 -0.036689 0.888017
-0.092733 -0.013013 0.907028
-0.065162 -0.009382 0.932153
-0.025252 -0.055859 0.966105
-0.078827 -0.034450 0.930707
-0.040208 -0.055876 0.938324
-0.063286 -0.028013 0.862745
-0.116826 -0.044134 0.935236
-0.049641 -0.060529 0.976690
-0.052371 -0.030131 0.908135
-0.081921 -0.030507 0.909335
-0.089037 -0.014780 0.896772
-0.100988 -0.011778 0.922764
-0.034499 -0.053289 0.968802
-0.037932 -0.045435 0.920985
-0.071837 -0.052123 0.934707
-0.063963 -0.050201 0.976285
-0.065216 -0.029011 0.914148
-0.126454 -0.021261 0.889018
-0.045754 -0.054596 0.979728
-0.087901 -0.040080 0.953633
-0.083946 -0.036095 0.997662
-0.085832 -0.051313 0.918872
-0.058222 -0.056180 0.869409
-0.067195 -0.042557 0.927296
-0.098423 -0.064980 0.981018
-0.112727 -0.042649 0.899517
-0.120342 -0.043358 0.940909
-0.109552 -0.033819 0.918079
-0.117356 -0.020591 0.929776
-0.108405 -0.011698 0.854189
-0.072420 -0.006390 0.897335
-0.062991 -0.005538 0.909916
-0.062559 -0.008152 0.896858
-0.117738 -0.025123 0.999853
-0.123140 -0.032725 0.895306
-0.136605 -0.020811 0.899652
-0.093685 -0.059951 0.894133
-0.104655 -0.037129 0.927659
-0.066366 -0.062566 0.937175
-0.119231 -0.046038 0.957906
-0.061253 -0.004910 0.876104
-0.136667 -0.021737 0.899877
-0.132828 -0.023894 0.907355
-0.030843 -0.054981 0.964045
-0.027536 -0.054340 0.937140
-0.127877 -0.021942 0.902545
-0.062094 -0.008244 0.856723
-0.101289 -0.071721 0.993558
-0.137333 -0.018558 0.898513
-0.083820 -0.038625 0.895680
-0.095534 -0.062895 0.914267
-0.073725 -0.041111 0.982675
-0.101346 -0.071322 0.989841
-0.045091 -0.058785 0.997957
-0.048234 -0.040303 0.927085
-0.036541 -0.053327 0.947208
-0.046731 -0.009601 0.977848
-0.034761 -0.053761 0.985164
-0.059221 -0.045867 0.917204
-0.039085 -0.045556 0.844145
-0.132166 -0.022702 0.947411
-0.054936 -0.038606 0.940189
-0.082990 -0.067354 0.961610
-0.062433 -0.005344 0.875480
-0.078606 -0.035050 0.928949
-0.117749 -0.044239 0.943466
-0.137242 -0.018530 0.898900
-0.047497 -0.006734 0.938371
-0.040932 -0.049412 0.892440
-0.062076 -0.007596 0.881670
-0.029389 -0.057006 0.964624
-0.075634 -0.008565 0.887241
-0.085962 -0.016663 0.944542
-0.117609 -0.046032 0.944874
-0.052332 -0.022088 0.944239
-0.101916 -0.068856 0.989105
-0.051357 -0.010709 0.922561
-0.038263 -0.051620 0.937600
-0.054970 -0.040554 0.890715
-0.075492 -0.009639 0.874091
-0.054373 -0.055584 0.974038
-0.038480 -0.047351 0.954976
-0.044656 -0.048554 0.950946
-0.059410 -0.005086 0.886750
-0.079244 -0.013075 0.863629
-0.056096 -0.031674 0.927230
-0.049780 -0.011086 0.911295
-0.043872 -0.061214 0.989215
-0.074565 -0.009539 0.898877
-0.059777 -0.005077 0.888485
-0.061531 -0.004188 0.874349
-0.104452 -0.063134 0.973772
-0.105832 -0.033526 0.924764
-0.070915 -0.006274 0.882551
-0.068524 -0.063217 0.971130
-0.086171 -0.040344 0.952237
-0.049123 -0.037806 0.960250
-0.099450 -0.071860 0.992397
-0.102481 -0.018145 0.900173
-0.100139 -0.062720 0.975751
-0.040700 -0.048095 0.951805
-0.068206 -0.005598 0.874170
-0.070841 -0.065037 0.999316
-0.138662 -0.019244 0.902533
-0.055852 -0.061539 0.969385
-0.052027 -0.044129 0.940265
-0.089677 -0.011110 0.897350
-0.049986 -0.060668 0.982499
-0.064699 -0.005269 0.880257
-0.070134 -0.051386 0.946217
-0.127739 -0.023831 0.906558
-0.066601 -0.006593 0.875777
-0.125456 -0.044024 0.941178
-0.055876 -0.038285 0.940226
-0.103525 -0.033352 0.927155
-0.052092 -0.009995 0.895188
-0.052966 -0.010026 0.893838
-0.103999 -0.035800 0.926258
-0.092878 -0.069456 1.008029
-0.078585 -0.011755 0.915838
-0.077517 -0.035542 0.930243
-0.097672 -0.070973 0.994253
-0.053822 -0.010680 0.893996
-0.090413 -0.036980 0.921144
-0.047441 -0.061098 0.977298
-0.064480 -0.005242 0.879173
-0.059978 -0.045354 0.937338
-0.136912 -0.017607 0.902214
-0.127224 -0.044942 0.936348
-0.143406 -0.021675 0.895029
-0.114192 -0.048215 0.940026
-0.087814 -0.068800 1.000327
-0.099790 -0.016606 0.881485
-0.047734 -0.001701 0.888832
-0.123159 -0.043620 0.943199
-0.052853 -0.060826 0.984162
-0.103277 -0.040590 0.925026
-0.065798 -0.005512 0.875588
-0.062508 -0.004081 0.875562
-0.083794 -0.011380 0.900230
-0.140721 -0.016390 0.896502
-0.087063 -0.065471 0.987514
-0.069046 -0.032345 0.924721
-0.083757 -0.010456 0.865687
-0.127027 -0.035844 0.924877
-0.069591 -0.066443 0.979386
-0.068749 -0.057695 0.973981
-0.103588 -0.053532 0.953310
-0.048111 -0.060835 0.977901
-0.124705 -0.019655 0.898327
-0.092135 -0.033420 0.949778
-0.100821 -0.058279 0.954860
-0.054073 -0.000722 0.885032
-0.067306 -0.053031 0.947267
-0.048628 -0.048682 0.946262
-0.096795 -0.071567 0.994353
-0.064360 -0.007373 0.881189
-0.096014 -0.040856 0.922127
-0.090915 -0.014750 0.897755
-0.102875 -0.072988 0.989409
-0.096149 -0.070561 0.993680
-0.079114 -0.035088 0.927593
-0.101471 -0.031349 0.927893
-0.114800 -0.024047 0.849853
-0.090082 -0.015977 0.896100
-0.066328 -0.007474 0.875783
-0.050545 -0.062006 1.024590
-0.110485 -0.004885 0.910888
-0.029868 -0.053877 1.032806
-0.064898 -0.006294 0.874569
Frame ID: 26 Frame Pose: -0.736745 -0.241751 0.578057
ObjectId: 4 ObjectClass: 39 ObjectCenter: -0.040463 -0.322855 0.966534
-0.047264 -0.331916 0.998068
-0.026814 -0.338576 0.939262
-0.044568 -0.314103 0.905503
-0.046504 -0.359965 0.945201
-0.031334 -0.287534 1.002845
-0.025574 -0.338089 0.939384
-0.044135 -0.319724 0.918772
-0.028368 -0.379452 0.951772
-0.045659 -0.325881 0.985565
-0.025370 -0.345769 0.962763
-0.029660 -0.388628 0.975651
-0.047368 -0.388620 1.026000
-0.044359 -0.312690 0.900644
-0.047778 -0.288349 1.026824
-0.024100 -0.332502 0.974515
-0.022662 -0.298565 1.015003
-0.033835 -0.292598 1.022764
-0.025482 -0.282832 0.988991
-0.044878 -0.317128 1.041392
-0.046689 -0.339207 1.017156
-0.045245 -0.356046 0.941896
-0.027685 -0.383017 0.958845
-0.024984 -0.321673 0.973465
-0.025029 -0.334143 0.965603
-0.023844 -0.334339 0.973073
-0.039312 -0.283312 0.928983
-0.045788 -0.310663 0.940337
-0.024467 -0.333364 0.931458
-0.039796 -0.298333 0.971740
-0.042088 -0.288848 0.974540
-0.046127 -0.291401 1.026221
-0.023436 -0.329398 0.970585
-0.021941 -0.283575 0.969232
-0.022894 -0.292378 1.021102
-0.043661 -0.358953 0.947084
-0.028324 -0.400216 1.002617
-0.045440 -0.318331 0.968462
-0.044123 -0.372304 0.941111
-0.023334 -0.341079 0.954473
-0.021590 -0.334480 0.955836
-0.023563 -0.317063 0.961190
-0.024546 -0.360691 0.986576
-0.044408 -0.327482 0.962216
-0.046304 -0.376045 0.991270
-0.033653 -0.283529 0.976727
-0.027309 -0.343586 0.956948
-0.047529 -0.367604 0.945039
-0.024886 -0.330115 0.994919
-0.029127 -0.373589 0.936287
-0.045757 -0.320408 0.974723
-0.036584 -0.276568 1.024390
-0.052418 -0.295258 0.976933
-0.049814 -0.262626 0.981627
-0.052075 -0.300955 0.997704
-0.045822 -0.367217 0.958374
-0.032392 -0.285360 0.988284
-0.053299 -0.293536 0.970024
-0.051337 -0.301223 0.995242
-0.024061 -0.337624 0.977968
-0.023250 -0.339709 0.952938
-0.052742 -0.296468 0.970741
-0.032512 -0.276123 0.973085
-0.033314 -0.287858 0.992145
-0.038551 -0.317423 0.923827
-0.021881 -0.276798 1.006086
-0.026027 -0.350169 0.958797
-0.045805 -0.359715 0.945688
-0.036376 -0.265770 1.002478
-0.039473 -0.376638 0.941751
-0.035368 -0.271466 0.987515
-0.024424 -0.349972 0.972630
-0.046059 -0.343736 0.954020
-0.054274 -0.314352 0.979431
-0.054450 -0.295635 0.979204
-0.028475 -0.341162 0.959999
-0.047659 -0.317405 0.986506
-0.047879 -0.316245 0.987298
-0.018343 -0.274715 1.011768
-0.047403 -0.343245 0.953858
-0.050390 -0.307369 0.979051
-0.040033 -0.378287 0.942475
-0.042786 -0.310652 0.971494
-0.043992 -0.267837 0.988488
-0.046752 -0.362713 0.947283
-0.041325 -0.313660 0.988527
-0.020941 -0.277071 1.010487
-0.024836 -0.343200 0.963011
-0.038336 -0.320341 0.975886
-0.053562 -0.311139 0.975974
-0.048001 -0.275926 0.990203
-0.040354 -0.364684 0.952671
-0.079357 -0.304818 0.956429
-0.050810 -0.311598 0.977802
-0.049479 -0.317583 0.965619
-0.064431 -0.315439 0.957633
-0.050489 -0.362360 0.946680
Frame ID: 26 Frame Pose: -0.549614 -0.180467 0.536902
ObjectId: 5 ObjectClass: 39 ObjectCenter: -0.223615 -0.313842 0.948985
-0.222454 -0.292051 0.945323
-0.247195 -0.302084 0.998645
-0.219018 -0.358349 0.938209
-0.218450 -0.327064 0.934829
-0.235022 -0.320055 0.934864
-0.207573 -0.262720 0.901031
-0.236443 -0.266541 1.011039
-0.226416 -0.370102 0.973874
-0.229302 -0.334539 0.967506
-0.233976 -0.302945 0.934165
-0.220168 -0.363828 0.921993
-0.237783 -0.340226 0.947792
-0.219076 -0.241549 0.919573
-0.212398 -0.340416 0.912011
-0.228322 -0.290881 0.940629
-0.223127 -0.296301 0.960706
-0.233922 -0.314906 0.930843
-0.219366 -0.356601 0.953218
-0.215103 -0.285633 0.926475
-0.220737 -0.366722 0.929475
-0.234789 -0.261898 0.996386
-0.212606 -0.334575 0.895044
-0.226525 -0.336648 0.963461
-0.200846 -0.288007 0.965140
-0.232239 -0.334337 0.927257
-0.232222 -0.318351 0.917942
-0.228581 -0.322735 0.949046
-0.217818 -0.276160 0.947443
-0.226946 -0.292508 0.946532
-0.230125 -0.276734 0.946202
-0.217682 -0.353439 0.946487
-0.227190 -0.284457 0.997268
-0.219026 -0.324142 0.929864
-0.224010 -0.352608 0.916601
-0.199119 -0.292646 0.965917
-0.200061 -0.288566 0.952412
-0.200748 -0.287658 0.955122
-0.202735 -0.291256 0.975339
-0.229160 -0.260185 0.982680
-0.214482 -0.347404 0.925200
-0.207150 -0.350655 0.963818
-0.237495 -0.325765 0.944883
-0.231860 -0.279240 0.957773
-0.235955 -0.318103 0.929344
-0.204843 -0.342763 0.944910
-0.230222 -0.302368 0.978387
-0.204943 -0.339651 0.936519
-0.234236 -0.324028 0.928390
-0.221481 -0.362439 0.943917
-0.200916 -0.293207 0.970306
-0.225469 -0.259248 0.976078
-0.215450 -0.350495 0.914214
-0.245452 -0.311490 0.967507
-0.197827 -0.262720 0.953610
-0.226979 -0.292384 0.945370
-0.238352 -0.257084 0.981932
-0.203975 -0.264572 0.980064
-0.205355 -0.263899 0.988089
-0.209178 -0.258466 0.975058
-0.227473 -0.358733 0.926466
-0.218850 -0.335132 0.951339
-0.208428 -0.338590 0.922463
-0.225245 -0.291747 0.942583
-0.229674 -0.348932 0.937799
-0.230382 -0.255484 0.974429
-0.231113 -0.356153 0.931228
-0.224676 -0.357575 0.933863
-0.218479 -0.320821 0.927458
-0.231847 -0.351307 0.939184
-0.229037 -0.350608 0.938394
-0.217802 -0.355745 0.929022
-0.217997 -0.356668 0.929960
-0.209862 -0.342577 0.929100
-0.213230 -0.323642 0.938864
-0.221825 -0.360514 0.922452
-0.237293 -0.256251 0.983174
-0.217481 -0.321733 0.938876
-0.231856 -0.276766 0.947968
-0.227751 -0.291722 0.955093
-0.214603 -0.255656 0.976844
-0.201857 -0.292108 0.960950
-0.218898 -0.322594 0.943905
-0.218718 -0.313486 0.943359
-0.209021 -0.332366 0.926077
-0.222972 -0.260009 0.989832
-0.240608 -0.257331 0.982932
-0.216138 -0.260839 1.004945
-0.225666 -0.348523 0.946547
-0.225692 -0.348587 0.970097
-0.226061 -0.347791 0.947216
-0.239875 -0.255533 0.978770
-0.212005 -0.329205 0.934068
-0.216631 -0.365412 0.926664
-0.207580 -0.333683 0.925886
-0.218425 -0.296471 0.960873
-0.214995 -0.366093 0.952715
-0.200211 -0.338458 0.944262
-0.225178 -0.356599 0.932764
-0.240740 -0.295474 0.982471
-0.225540 -0.359124 0.935714
-0.226716 -0.310877 0.930382
Frame ID: 26 Frame Pose: -0.043981 0.008123 -0.010722
ObjectId: 6 ObjectClass: 41 ObjectCenter: 0.390193 -0.065284 0.945015
0.392156 -0.044828 0.960519
0.395852 -0.072810 0.933032
0.394970 -0.038123 0.955581
0.390113 -0.058208 0.908196
0.402284 -0.071905 0.934175
0.349188 -0.072798 0.859573
0.408170 -0.072297 0.943377
0.438703 -0.086889 1.098088
0.411263 -0.040965 0.983467
0.369490 -0.040921 0.933383
0.377364 -0.077899 0.926294
0.387628 -0.083850 0.970408
0.383116 -0.042982 0.968571
0.401728 -0.071136 0.916491
0.402545 -0.073009 0.940150
0.371374 -0.074249 0.906935
0.373378 -0.040429 0.919419
Frame ID: 26 Frame Pose: -0.059830 0.006392 -0.013032
ObjectId: 8 ObjectClass: 39 ObjectCenter: 0.094076 -0.155260 1.023173
0.097630 -0.188905 1.015403
0.072748 -0.159450 0.876696
0.105909 -0.157406 1.044781
0.102621 -0.174710 1.165960
0.093975 -0.135444 1.062947
0.112231 -0.164416 1.076152
0.089925 -0.180759 1.020286
0.083890 -0.118219 0.932242
0.078965 -0.127448 0.989696
0.089561 -0.173957 0.978278
0.086325 -0.152129 0.984291
0.083174 -0.115770 0.962343
0.094254 -0.166199 1.092335
0.109484 -0.157897 1.039329
0.110925 -0.125739 1.076612
0.089703 -0.177724 1.001698
0.103858 -0.196213 1.016506
0.085327 -0.108741 0.917137
0.111442 -0.159783 1.048715
0.091102 -0.189009 1.006076
0.094492 -0.180791 1.027419
0.094894 -0.182514 1.024598
0.101132 -0.124363 1.091650
0.109281 -0.121072 1.056609
0.097008 -0.208588 1.063100
0.103827 -0.196845 1.023908
0.108506 -0.159783 1.003203
0.111679 -0.157157 1.036073
0.092809 -0.167726 1.096353
0.104419 -0.150234 1.076893
0.087083 -0.118381 0.995601
0.114211 -0.125208 1.092810
0.118144 -0.169673 1.073920
0.081985 -0.132560 1.000032
0.089501 -0.137588 1.092435
0.081956 -0.153194 1.000026
0.116962 -0.162738 1.080092
0.093085 -0.190025 1.008116
0.081126 -0.146092 0.989930
0.093085 -0.212966 1.019724
0.083785 -0.134283 1.052356
0.070596 -0.119396 0.949292
0.096343 -0.104937 0.939543
0.092774 -0.182157 1.024297
Frame ID: 26 Frame Pose: -0.147525 0.004259 -0.005423
ObjectId: 9 ObjectClass: 39 ObjectCenter: 0.151256 -0.174993 1.082070
0.163132 -0.195059 1.125053
0.149197 -0.182482 1.094425
0.157494 -0.187588 1.099547
0.144529 -0.191770 1.085544
0.156742 -0.183898 1.093201
0.152993 -0.158617 1.093970
0.146242 -0.149450 1.053606
0.156548 -0.183578 1.092576
0.150909 -0.158673 1.087049
0.149674 -0.155778 1.090944
0.156535 -0.180736 1.090326
0.166720 -0.173571 1.122683
0.159514 -0.140260 1.122561
0.154880 -0.196326 1.077273
0.143264 -0.192767 1.036539
0.165351 -0.142600 1.151964
0.146513 -0.146156 0.995533
0.161644 -0.186999 1.125813
0.146109 -0.192043 1.086886
0.155757 -0.206985 1.073209
0.155087 -0.212053 1.088112
0.145075 -0.138191 1.097400
0.155029 -0.138014 1.108755
0.154749 -0.140388 1.123577
0.165935 -0.191525 1.150213
0.139171 -0.143127 1.081752
0.149290 -0.154508 1.083917
0.157143 -0.183510 1.099740
Frame ID: 26 Frame Pose: -0.549614 -0.180467 0.536902
ObjectId: 11 ObjectClass: 39 ObjectCenter: -0.054213 -0.336238 0.995050
-0.053299 -0.293536 0.970024
-0.060038 -0.375599 0.993716
-0.046504 -0.359965 0.945201
-0.051337 -0.301223 0.995242
-0.063645 -0.339559 0.995552
-0.058542 -0.289251 0.985722
-0.061851 -0.380342 0.997967
-0.046304 -0.376045 0.991270
-0.052418 -0.295258 0.976933
-0.047619 -0.376654 0.968179
-0.056649 -0.310528 0.960352
-0.059886 -0.378830 1.005790
-0.047529 -0.367604 0.945039
-0.047403 -0.343245 0.953858
-0.060041 -0.353670 1.038272
-0.061669 -0.375932 0.983675
-0.057819 -0.394867 1.002055
-0.059261 -0.328462 1.024688
-0.045245 -0.356046 0.941896
-0.052075 -0.300955 0.997704
-0.055579 -0.350206 0.989022
-0.051487 -0.303655 0.985195
-0.052711 -0.330144 0.970082
-0.054210 -0.403303 0.982320
-0.049251 -0.406638 1.010568
-0.048573 -0.369038 0.950966
-0.043661 -0.358953 0.947084
-0.053947 -0.337757 0.959818
-0.044123 -0.372304 0.941111
-0.057015 -0.340649 0.948869
-0.062897 -0.381209 0.994885
-0.062780 -0.311088 1.013006
-0.064994 -0.352912 0.997768
-0.065356 -0.329531 0.968560
-0.064748 -0.347921 1.014793
-0.067005 -0.339593 0.997737
-0.066886 -0.350269 1.026118
-0.062972 -0.375951 0.992210
-0.064213 -0.315129 1.024635
-0.063386 -0.347839 1.011589
-0.066581 -0.348885 1.017741
-0.057441 -0.289004 1.042936
-0.063956 -0.366411 1.008695
-0.061839 -0.372080 0.995603
-0.063944 -0.316289 1.021869
-0.049470 -0.292402 1.056600
-0.058604 -0.355086 1.029177
-0.027685 -0.383017 0.958845
-0.053710 -0.296727 0.983344
-0.021881 -0.276798 1.006086
-0.050390 -0.307369 0.979051
-0.045805 -0.359715 0.945688
-0.036376 -0.265770 1.002478
-0.057832 -0.289329 1.044685
-0.057586 -0.380008 1.002237
-0.062580 -0.327016 1.021504
-0.051085 -0.289653 1.048227
-0.065762 -0.348198 1.019637
-0.057369 -0.288687 1.042870
-0.060924 -0.365710 1.010423
-0.056360 -0.376160 0.995495
-0.062796 -0.346547 0.996365
-0.055910 -0.337552 0.993856
-0.057733 -0.374178 0.995808
-0.064354 -0.328150 1.022462
-0.052658 -0.404746 0.986441
-0.063080 -0.328489 1.025154
Frame ID: 384 Frame Pose: -1.037265 -0.479563 0.952298
ObjectId: 13 ObjectClass: 56 ObjectCenter: -0.231684 0.188177 0.865442
-0.141163 0.057371 0.787573
-0.236212 0.244964 0.981917
-0.146511 0.053644 0.788004
-0.284323 0.247808 0.854053
-0.136266 0.058624 0.787285
-0.262498 0.222504 0.971658
-0.149024 0.073758 0.781858
-0.167099 0.117881 0.800482
-0.304868 0.180606 0.822565
-0.217370 0.260062 0.987785
-0.179258 0.146484 0.761643
-0.289347 0.193919 0.824057
-0.277203 0.258832 0.857499
-0.293723 0.190654 0.824017
-0.142623 0.094744 0.759994
-0.170499 0.120166 0.796129
-0.230488 0.248259 0.983036
-0.293928 0.286525 0.852364
-0.156652 0.126398 0.799149
-0.231287 0.247670 0.982931
-0.164769 0.131587 0.789828
-0.148587 0.140144 0.789198
-0.273821 0.185829 0.851623
-0.280339 0.300012 0.852022
-0.273042 0.260554 0.856608
-0.279044 0.307876 0.889039
-0.141115 0.077030 0.782897
-0.243461 0.267246 0.895321
-0.271884 0.028819 0.858453
-0.264762 0.214343 0.823613
-0.271355 0.314915 0.889873
-0.173014 0.115207 0.800882
-0.226305 0.284918 0.894836
-0.252032 0.279356 0.856013
-0.171004 0.042038 0.789726
-0.183397 0.295041 0.990162
-0.106323 0.100332 0.773894
-0.309563 -0.005792 0.864715
-0.341618 0.106350 0.899449
-0.294662 0.012165 0.858376
-0.174525 0.325558 0.897826
-0.243136 0.344648 0.890064
-0.178269 0.146381 0.761319
-0.371549 0.279305 0.951887
-0.199053 0.247527 1.006747
-0.350572 0.091821 0.892423
-0.229748 0.215997 0.997447
-0.193666 0.250341 1.006276
-0.183990 0.302573 0.866988
Frame ID: 384 Frame Pose: -0.992369 -0.389288 0.809812
ObjectId: 14 ObjectClass: 73 ObjectCenter: -0.465190 -0.296819 1.031132
-0.459748 -0.297103 0.988082
-0.471552 -0.288427 1.065858
-0.462915 -0.329762 1.046986
-0.468273 -0.285347 1.070033
-0.464136 -0.297098 0.987247
-0.479323 -0.286215 1.063987
-0.453863 -0.295387 0.988604
-0.469921 -0.282212 1.073904
-0.457399 -0.295312 0.985526
-0.469042 -0.283408 1.073185
-0.460382 -0.295416 0.981659
-0.464770 -0.330949 1.047213
-0.470271 -0.281291 1.074487
-0.463865 -0.295507 0.979409
Frame ID: 422 Frame Pose: -1.037265 -0.479563 0.952298
ObjectId: 15 ObjectClass: 73 ObjectCenter: -0.482275 -0.341667 1.205053
-0.505763 -0.353068 1.223331
-0.515307 -0.345281 1.221911
-0.501222 -0.350720 1.228282
-0.465502 -0.334089 1.190289
-0.473271 -0.335816 1.190076
-0.463264 -0.316186 1.166761
-0.490035 -0.356776 1.225353
-0.463054 -0.357596 1.218987
-0.482062 -0.348191 1.217690
-0.446428 -0.314543 1.169827
-0.486909 -0.347556 1.213128
-0.494486 -0.340179 1.195000
