Label: 0
Bounding Box: [x: 240, y: -14, width: 143, height: 15]
Confidence: 0.312573
Masks Instance Points: (66, 0) (66, 2) (65, 3) (65, 4) (64, 5) (64, 6) (63, 7) (63, 8) (62, 9) (62, 10) (61, 11) (61, 14) (60, 15) (60, 30) (61, 31) (61, 33) (62, 34) (62, 36) (63, 37) (63, 38) (64, 39) (64, 40) (65, 41) (65, 43) (66, 44) (66, 48) (67, 49) (66, 50) (66, 52) (65, 53) (65, 54) (63, 56) (63, 58) (62, 59) (62, 61) (61, 62) (61, 64) (57, 68) (55, 68) (52, 71) (51, 71) (47, 75) (46, 75) (37, 84) (37, 85) (32, 90) (32, 91) (20, 103) (20, 104) (15, 109) (15, 110) (8, 117) (8, 118) (3, 123) (3, 124) (1, 126) (0, 126) (0, 133) (3, 133) (4, 134) (5, 134) (6, 135) (7, 135) (8, 136) (10, 136) (11, 137) (14, 137) (15, 138) (18, 138) (19, 139) (20, 139) (21, 140) (23, 140) (24, 141) (27, 141) (28, 142) (31, 142) (32, 143) (33, 143) (34, 144) (37, 144) (38, 145) (41, 145) (42, 146) (44, 146) (45, 147) (47, 147) (48, 148) (51, 148) (52, 149) (54, 149) (55, 150) (57, 150) (58, 151) (60, 151) (61, 152) (62, 152) (63, 153) (66, 153) (67, 154) (69, 154) (70, 155) (71, 155) (72, 156) (74, 156) (75, 157) (77, 157) (78, 158) (80, 158) (81, 159) (82, 159) (83, 160) (85, 160) (86, 161) (90, 161) (91, 162) (92, 162) (93, 163) (94, 163) (95, 164) (97, 164) (98, 165) (101, 165) (102, 166) (104, 166) (105, 167) (106, 167) (107, 168) (107, 169) (108, 169) (108, 168) (109, 167) (110, 167) (113, 164) (113, 162) (114, 161) (114, 158) (115, 157) (115, 150) (116, 149) (116, 141) (117, 140) (117, 134) (118, 133) (118, 126) (119, 125) (119, 120) (120, 119) (120, 113) (121, 112) (121, 105) (122, 104) (122, 98) (123, 97) (123, 94) (124, 93) (124, 90) (125, 89) (125, 86) (126, 85) (126, 82) (127, 81) (127, 80) (128, 79) (128, 77) (129, 76) (129, 74) (130, 73) (130, 71) (131, 70) (131, 69) (132, 68) (132, 66) (133, 65) (133, 63) (134, 62) (134, 60) (136, 58) (136, 57) (137, 56) (137, 54) (138, 53) (138, 52) (139, 51) (139, 50) (140, 49) (140, 47) (141, 46) (141, 44) (142, 43) (142, 41) (143, 40) (143, 38) (144, 37) (144, 35) (145, 34) (145, 32) (146, 31) (146, 26) (147, 25) (147, 22) (148, 21) (148, 19) (149, 18) (149, 16) (150, 15) (150, 13) (151, 12) (151, 11) (152, 10) (153, 10) (153, 0) 
--------------------------
Label: 0
Bounding Box: [x: 238, y: -14, width: 143, height: 15]
Confidence: 0.470254
Masks Instance Points: (59, 0) (59, 2) (58, 3) (58, 4) (57, 5) (57, 6) (56, 7) (56, 9) (55, 10) (55, 12) (54, 13) (54, 21) (55, 22) (55, 26) (56, 27) (56, 30) (57, 31) (57, 32) (58, 33) (58, 34) (59, 35) (59, 36) (60, 37) (60, 39) (61, 40) (61, 48) (60, 49) (60, 51) (53, 58) (53, 59) (46, 66) (45, 66) (36, 75) (36, 76) (27, 85) (27, 86) (26, 87) (25, 87) (25, 88) (21, 92) (21, 93) (19, 95) (19, 96) (12, 103) (12, 104) (7, 109) (7, 110) (3, 114) (3, 115) (2, 116) (0, 116) (0, 128) (2, 128) (3, 129) (4, 129) (5, 130) (7, 130) (8, 131) (10, 131) (11, 132) (13, 132) (14, 133) (16, 133) (17, 134) (20, 134) (21, 135) (24, 135) (25, 136) (26, 136) (27, 137) (30, 137) (31, 138) (34, 138) (35, 139) (38, 139) (39, 140) (41, 140) (42, 141) (46, 141) (47, 142) (51, 142) (52, 143) (53, 143) (54, 144) (56, 144) (57, 145) (59, 145) (60, 146) (63, 146) (64, 147) (65, 147) (66, 148) (67, 148) (68, 149) (70, 149) (71, 150) (73, 150) (74, 151) (76, 151) (77, 152) (78, 152) (79, 153) (82, 153) (83, 154) (85, 154) (86, 155) (89, 155) (90, 156) (91, 156) (92, 157) (93, 157) (94, 158) (96, 158) (97, 159) (98, 159) (99, 160) (100, 160) (101, 161) (101, 162) (107, 162) (107, 160) (109, 158) (109, 156) (110, 155) (110, 151) (111, 150) (111, 145) (112, 144) (112, 139) (113, 138) (113, 131) (114, 130) (114, 120) (115, 119) (115, 113) (116, 112) (116, 105) (117, 104) (117, 96) (118, 95) (118, 90) (119, 89) (119, 87) (120, 86) (120, 83) (121, 82) (121, 78) (122, 77) (122, 74) (123, 73) (123, 72) (124, 71) (124, 69) (125, 68) (125, 67) (126, 66) (126, 63) (127, 62) (127, 61) (128, 60) (128, 59) (130, 57) (130, 55) (131, 54) (131, 53) (132, 52) (132, 51) (133, 50) (133, 48) (134, 47) (134, 45) (135, 44) (135, 43) (137, 41) (137, 40) (147, 30) (148, 30) (152, 26) (153, 26) (153, 25) (159, 19) (159, 18) (161, 16) (161, 15) (164, 12) (166, 12) (166, 0) 
--------------------------
Label: 0
Bounding Box: [x: 239, y: -14, width: 143, height: 15]
Confidence: 0.425362
Masks Instance Points: (53, 0) (53, 4) (52, 5) (52, 22) (53, 23) (53, 25) (54, 26) (54, 27) (55, 28) (55, 30) (56, 31) (56, 32) (57, 33) (57, 34) (58, 35) (58, 36) (59, 37) (59, 48) (58, 49) (58, 52) (57, 53) (57, 54) (54, 57) (55, 58) (55, 59) (56, 60) (56, 64) (55, 65) (55, 66) (54, 67) (54, 68) (53, 69) (52, 69) (51, 70) (49, 70) (48, 69) (45, 69) (44, 70) (43, 70) (42, 71) (41, 71) (40, 72) (39, 72) (37, 74) (37, 75) (28, 84) (28, 85) (9, 104) (9, 105) (4, 110) (4, 111) (3, 112) (3, 113) (1, 115) (0, 115) (0, 116) (1, 116) (5, 120) (6, 120) (7, 121) (8, 121) (9, 122) (11, 122) (12, 123) (13, 123) (14, 124) (16, 124) (17, 125) (20, 125) (21, 126) (23, 126) (24, 127) (25, 127) (26, 128) (28, 128) (29, 129) (31, 129) (32, 130) (34, 130) (35, 131) (36, 131) (37, 132) (39, 132) (40, 133) (44, 133) (45, 134) (50, 134) (51, 135) (52, 135) (53, 136) (54, 136) (55, 137) (57, 137) (58, 138) (60, 138) (61, 139) (62, 139) (63, 140) (64, 140) (65, 141) (67, 141) (68, 142) (69, 142) (70, 143) (71, 143) (72, 144) (74, 144) (75, 145) (78, 145) (79, 146) (81, 146) (82, 147) (83, 147) (84, 148) (85, 148) (86, 149) (88, 149) (89, 150) (90, 150) (91, 151) (92, 151) (93, 152) (96, 152) (97, 153) (105, 153) (107, 151) (107, 149) (108, 148) (108, 144) (109, 143) (109, 138) (110, 137) (110, 130) (111, 129) (111, 118) (112, 117) (112, 107) (113, 106) (113, 99) (114, 98) (114, 91) (115, 90) (115, 85) (116, 84) (116, 80) (117, 79) (117, 77) (118, 76) (118, 74) (119, 73) (119, 70) (120, 69) (120, 67) (121, 66) (121, 64) (122, 63) (122, 61) (123, 60) (123, 57) (124, 56) (124, 54) (125, 53) (125, 52) (126, 51) (126, 50) (127, 49) (127, 48) (128, 47) (128, 46) (129, 45) (129, 44) (130, 43) (130, 42) (131, 41) (131, 40) (132, 39) (132, 37) (134, 35) (135, 35) (137, 33) (138, 33) (149, 22) (150, 22) (151, 21) (151, 20) (153, 18) (154, 18) (155, 17) (156, 17) (157, 16) (158, 16) (159, 15) (161, 15) (162, 14) (165, 14) (166, 13) (167, 13) (169, 11) (170, 11) (171, 10) (172, 10) (174, 8) (175, 8) (177, 6) (179, 6) (179, 0) 
--------------------------
Label: 0
Bounding Box: [x: 244, y: -13, width: 143, height: 15]
Confidence: 0.315934
Masks Instance Points: (48, 0) (48, 1) (49, 2) (49, 6) (50, 7) (50, 13) (51, 14) (51, 18) (52, 19) (52, 21) (53, 22) (53, 23) (54, 24) (54, 25) (55, 26) (55, 28) (56, 29) (56, 31) (57, 32) (57, 34) (58, 35) (58, 40) (57, 41) (57, 47) (56, 48) (56, 59) (57, 60) (57, 65) (56, 66) (56, 68) (55, 69) (55, 73) (54, 74) (54, 76) (53, 77) (53, 81) (52, 82) (52, 89) (51, 90) (51, 91) (50, 92) (50, 97) (49, 98) (48, 98) (46, 100) (45, 100) (44, 101) (43, 101) (43, 102) (44, 103) (44, 104) (45, 105) (44, 106) (43, 106) (42, 107) (40, 105) (40, 102) (41, 101) (39, 99) (39, 88) (40, 87) (40, 85) (43, 82) (45, 82) (45, 78) (44, 77) (42, 77) (41, 76) (39, 76) (38, 75) (34, 75) (31, 78) (30, 78) (27, 81) (26, 81) (25, 82) (25, 83) (17, 91) (17, 92) (8, 101) (8, 102) (7, 103) (7, 104) (5, 106) (5, 107) (3, 109) (3, 110) (2, 111) (2, 113) (3, 113) (5, 115) (6, 115) (7, 116) (8, 116) (9, 117) (11, 117) (12, 118) (14, 118) (15, 119) (16, 119) (17, 120) (19, 120) (20, 121) (23, 121) (24, 122) (26, 122) (27, 123) (28, 123) (29, 124) (30, 124) (31, 125) (34, 125) (35, 126) (38, 126) (39, 127) (40, 127) (41, 128) (43, 128) (44, 129) (47, 129) (48, 130) (49, 130) (51, 132) (52, 132) (53, 133) (55, 133) (56, 134) (58, 134) (59, 135) (61, 135) (62, 136) (63, 136) (64, 137) (65, 137) (66, 138) (68, 138) (69, 139) (71, 139) (72, 140) (73, 140) (74, 141) (76, 141) (77, 142) (79, 142) (80, 143) (81, 143) (82, 144) (83, 144) (84, 145) (86, 145) (87, 146) (89, 146) (90, 147) (91, 147) (93, 149) (93, 150) (105, 150) (105, 148) (106, 147) (106, 144) (107, 143) (107, 132) (108, 131) (108, 121) (109, 120) (109, 114) (110, 113) (110, 106) (111, 105) (111, 96) (112, 95) (112, 89) (113, 88) (113, 86) (114, 85) (114, 81) (115, 80) (115, 76) (116, 75) (116, 72) (117, 71) (117, 69) (118, 68) (118, 67) (119, 66) (119, 64) (120, 63) (120, 60) (121, 59) (121, 58) (122, 57) (122, 56) (123, 55) (123, 53) (124, 52) (124, 50) (125, 49) (125, 48) (126, 47) (126, 45) (127, 44) (127, 43) (128, 42) (128, 40) (129, 39) (129, 38) (130, 37) (130, 36) (132, 34) (132, 33) (133, 32) (133, 31) (135, 29) (136, 29) (137, 28) (138, 28) (140, 26) (141, 26) (143, 24) (144, 24) (145, 23) (147, 23) (147, 0) 
--------------------------
Label: 0
Bounding Box: [x: 242, y: -14, width: 143, height: 15]
Confidence: 0.331353
Masks Instance Points: (49, 0) (49, 2) (50, 3) (50, 6) (51, 7) (51, 13) (52, 14) (52, 18) (53, 19) (53, 20) (54, 21) (54, 22) (55, 23) (55, 25) (56, 26) (56, 28) (57, 29) (57, 30) (58, 31) (58, 39) (57, 40) (57, 42) (56, 43) (56, 45) (55, 46) (55, 47) (51, 51) (50, 51) (50, 52) (49, 53) (49, 54) (46, 57) (46, 58) (44, 60) (42, 60) (41, 61) (41, 63) (39, 65) (38, 65) (35, 68) (34, 68) (28, 74) (28, 75) (27, 76) (26, 76) (25, 77) (25, 78) (17, 86) (17, 87) (15, 89) (15, 90) (9, 96) (9, 97) (6, 100) (6, 101) (5, 102) (5, 103) (4, 104) (4, 105) (1, 108) (0, 108) (0, 111) (1, 111) (3, 113) (4, 113) (5, 114) (7, 114) (8, 115) (9, 115) (10, 116) (11, 116) (12, 117) (14, 117) (15, 118) (18, 118) (19, 119) (20, 119) (21, 120) (22, 120) (23, 121) (25, 121) (26, 122) (29, 122) (30, 123) (31, 123) (32, 124) (33, 124) (34, 125) (37, 125) (38, 126) (41, 126) (42, 127) (45, 127) (46, 128) (47, 128) (48, 129) (49, 129) (50, 130) (52, 130) (53, 131) (54, 131) (55, 132) (56, 132) (57, 133) (59, 133) (60, 134) (62, 134) (63, 135) (65, 135) (66, 136) (67, 136) (68, 137) (70, 137) (71, 138) (73, 138) (74, 139) (77, 139) (78, 140) (79, 140) (80, 141) (81, 141) (82, 142) (84, 142) (85, 143) (87, 143) (88, 144) (89, 144) (90, 145) (93, 145) (94, 146) (98, 146) (99, 147) (102, 147) (105, 144) (105, 143) (106, 142) (106, 139) (107, 138) (107, 126) (108, 125) (108, 117) (109, 116) (109, 109) (110, 108) (110, 102) (111, 101) (111, 93) (112, 92) (112, 86) (113, 85) (113, 82) (114, 81) (114, 78) (115, 77) (115, 73) (116, 72) (116, 69) (117, 68) (117, 67) (118, 66) (118, 64) (119, 63) (119, 61) (120, 60) (120, 58) (121, 57) (121, 55) (122, 54) (122, 53) (123, 52) (123, 51) (124, 50) (124, 48) (125, 47) (125, 46) (126, 45) (126, 44) (127, 43) (127, 42) (128, 41) (128, 39) (129, 38) (129, 37) (132, 34) (132, 33) (136, 29) (137, 29) (140, 26) (141, 26) (146, 21) (146, 20) (154, 12) (155, 12) (155, 0) 
--------------------------
