Label: 0
Bounding Box: [x: 334, y: -14, width: 143, height: 15]
Confidence: 0.428253
Masks Instance Points: (51, 0) (51, 1) (49, 3) (49, 4) (42, 11) (41, 11) (37, 15) (37, 16) (36, 17) (36, 19) (35, 20) (35, 21) (34, 22) (34, 26) (33, 27) (33, 29) (34, 30) (34, 33) (35, 34) (35, 36) (36, 37) (36, 40) (37, 41) (37, 45) (38, 46) (38, 49) (37, 50) (37, 52) (36, 53) (36, 54) (20, 70) (20, 71) (12, 79) (12, 80) (3, 89) (3, 90) (2, 91) (0, 91) (0, 97) (2, 97) (3, 98) (4, 98) (6, 100) (7, 100) (8, 101) (11, 101) (12, 102) (14, 102) (15, 103) (17, 103) (18, 104) (20, 104) (21, 105) (24, 105) (25, 106) (27, 106) (28, 107) (29, 107) (30, 108) (34, 108) (35, 109) (37, 109) (38, 110) (39, 110) (40, 111) (42, 111) (43, 112) (45, 112) (46, 113) (49, 113) (50, 114) (52, 114) (53, 115) (54, 115) (55, 116) (57, 116) (58, 117) (61, 117) (62, 118) (65, 118) (66, 119) (67, 119) (68, 120) (70, 120) (71, 121) (76, 121) (77, 122) (83, 122) (84, 121) (85, 121) (85, 120) (86, 119) (86, 117) (87, 116) (87, 113) (88, 112) (88, 107) (89, 106) (89, 100) (90, 99) (90, 94) (91, 93) (91, 91) (92, 90) (92, 87) (93, 86) (93, 82) (94, 81) (94, 78) (95, 77) (95, 75) (96, 74) (96, 73) (97, 72) (97, 70) (98, 69) (98, 67) (99, 66) (99, 64) (100, 63) (100, 62) (101, 61) (101, 60) (102, 59) (102, 58) (105, 55) (105, 54) (106, 53) (106, 52) (108, 50) (108, 49) (109, 48) (109, 47) (110, 46) (110, 44) (111, 43) (111, 42) (112, 41) (112, 40) (113, 39) (113, 37) (114, 36) (114, 35) (115, 34) (115, 33) (116, 32) (116, 30) (117, 29) (117, 28) (118, 27) (118, 24) (119, 23) (119, 20) (120, 19) (121, 19) (122, 18) (123, 18) (125, 16) (129, 16) (132, 13) (133, 13) (134, 12) (138, 12) (138, 0) 
--------------------------
Label: 63
Bounding Box: [x: 0, y: 382, width: 143, height: 15]
Confidence: 0.393045
Masks Instance Points: (0, 0) (0, 79) (186, 79) (186, 78) (187, 77) (187, 72) (188, 71) (188, 68) (189, 67) (189, 66) (190, 65) (190, 63) (191, 62) (191, 56) (192, 55) (192, 52) (194, 50) (195, 50) (195, 34) (193, 34) (192, 33) (191, 33) (190, 32) (185, 32) (184, 31) (181, 31) (180, 30) (179, 30) (178, 29) (174, 29) (173, 28) (165, 28) (164, 27) (160, 27) (159, 26) (158, 26) (157, 25) (154, 25) (153, 24) (148, 24) (147, 23) (142, 23) (141, 22) (138, 22) (137, 21) (133, 21) (132, 20) (124, 20) (123, 19) (117, 19) (116, 18) (113, 18) (112, 17) (108, 17) (107, 16) (100, 16) (99, 15) (96, 15) (95, 14) (92, 14) (91, 13) (87, 13) (86, 12) (77, 12) (76, 11) (67, 11) (66, 10) (54, 10) (53, 9) (45, 9) (44, 8) (43, 8) (42, 7) (41, 7) (40, 6) (39, 6) (38, 5) (37, 5) (36, 4) (35, 4) (32, 1) (32, 0) 
--------------------------
Label: 54
Bounding Box: [x: 604, y: 328, width: 132, height: 15]
Confidence: 0.380574
Masks Instance Points: (0, 0) (0, 84) (2, 84) (3, 83) (8, 83) (9, 82) (13, 82) (14, 81) (15, 81) (17, 79) (19, 79) (20, 78) (21, 78) (22, 77) (23, 77) (26, 74) (27, 74) (32, 69) (32, 68) (33, 67) (35, 67) (35, 18) (34, 18) (32, 16) (31, 16) (27, 12) (26, 12) (23, 9) (23, 8) (22, 7) (21, 7) (19, 5) (19, 4) (16, 1) (16, 0) 
--------------------------
Label: 0
Bounding Box: [x: 323, y: 17, width: 143, height: 15]
Confidence: 0.297193
Masks Instance Points: (40, 0) (40, 1) (41, 2) (42, 2) (43, 3) (45, 3) (46, 4) (46, 5) (47, 6) (47, 7) (48, 8) (48, 9) (47, 10) (47, 11) (42, 16) (41, 16) (36, 21) (36, 22) (34, 24) (34, 25) (33, 26) (33, 32) (32, 33) (33, 34) (33, 42) (34, 43) (34, 44) (35, 45) (35, 46) (36, 47) (36, 49) (37, 50) (37, 57) (36, 58) (36, 59) (21, 74) (21, 75) (17, 79) (17, 80) (12, 85) (12, 86) (9, 89) (9, 90) (7, 92) (7, 93) (2, 98) (0, 98) (0, 107) (2, 107) (3, 108) (5, 108) (6, 109) (7, 109) (8, 110) (10, 110) (11, 111) (14, 111) (15, 112) (18, 112) (19, 113) (20, 113) (21, 114) (24, 114) (25, 115) (31, 115) (32, 116) (34, 116) (35, 117) (36, 117) (37, 118) (39, 118) (40, 119) (43, 119) (44, 120) (46, 120) (47, 121) (48, 121) (49, 122) (51, 122) (52, 123) (57, 123) (58, 124) (60, 124) (61, 125) (62, 125) (63, 126) (65, 126) (66, 127) (69, 127) (70, 128) (72, 128) (74, 130) (74, 131) (83, 131) (83, 130) (84, 129) (84, 128) (85, 127) (85, 126) (86, 125) (86, 117) (87, 116) (87, 111) (88, 110) (88, 107) (89, 106) (89, 100) (90, 99) (90, 92) (91, 91) (91, 89) (92, 88) (92, 86) (93, 85) (93, 81) (94, 80) (94, 76) (95, 75) (95, 72) (96, 71) (96, 70) (97, 69) (97, 68) (98, 67) (98, 66) (99, 65) (99, 64) (101, 62) (101, 61) (102, 60) (102, 59) (104, 57) (104, 56) (106, 54) (106, 53) (107, 52) (107, 50) (109, 48) (110, 48) (110, 13) (108, 13) (100, 5) (99, 5) (98, 4) (97, 4) (96, 3) (95, 3) (93, 1) (93, 0) (63, 0) (63, 1) (62, 2) (61, 2) (60, 3) (58, 3) (57, 4) (56, 4) (55, 5) (49, 5) (47, 3) (47, 0) 
--------------------------
Label: 54
Bounding Box: [x: 602, y: 328, width: 132, height: 15]
Confidence: 0.394412
Masks Instance Points: (0, 0) (0, 84) (1, 84) (3, 86) (3, 87) (6, 87) (6, 86) (8, 84) (11, 84) (12, 83) (15, 83) (16, 82) (17, 82) (18, 81) (19, 81) (20, 80) (21, 80) (22, 79) (23, 79) (24, 78) (25, 78) (28, 75) (29, 75) (33, 71) (33, 70) (34, 69) (34, 68) (36, 66) (37, 66) (37, 21) (36, 21) (31, 16) (30, 16) (25, 11) (25, 10) (22, 7) (22, 6) (20, 4) (20, 3) (19, 2) (19, 0) 
--------------------------
Label: 54
Bounding Box: [x: 601, y: 329, width: 132, height: 15]
Confidence: 0.446199
Masks Instance Points: (0, 0) (0, 86) (6, 86) (6, 85) (8, 83) (11, 83) (12, 82) (15, 82) (16, 81) (18, 81) (20, 79) (21, 79) (22, 78) (24, 78) (27, 75) (28, 75) (34, 69) (34, 68) (37, 65) (38, 65) (38, 21) (36, 21) (31, 16) (30, 16) (26, 12) (26, 11) (25, 11) (24, 10) (24, 9) (21, 6) (21, 5) (19, 3) (19, 0) 
--------------------------
Label: 54
Bounding Box: [x: 601, y: 329, width: 132, height: 15]
Confidence: 0.454408
Masks Instance Points: (0, 0) (0, 87) (8, 87) (8, 86) (10, 84) (12, 84) (13, 83) (17, 83) (18, 82) (19, 82) (21, 80) (22, 80) (23, 79) (25, 79) (29, 75) (30, 75) (34, 71) (34, 70) (35, 69) (35, 68) (36, 67) (38, 67) (38, 21) (36, 21) (31, 16) (30, 16) (27, 13) (27, 12) (23, 8) (23, 7) (21, 5) (21, 4) (19, 2) (19, 0) 
--------------------------
Label: 54
Bounding Box: [x: 601, y: 329, width: 132, height: 15]
Confidence: 0.527584
Masks Instance Points: (0, 0) (0, 87) (9, 87) (9, 86) (11, 84) (14, 84) (15, 83) (18, 83) (20, 81) (21, 81) (22, 80) (23, 80) (24, 79) (25, 79) (28, 76) (29, 76) (34, 71) (34, 70) (37, 67) (38, 67) (38, 22) (37, 22) (35, 20) (34, 20) (30, 16) (29, 16) (26, 13) (26, 12) (22, 8) (22, 7) (20, 5) (20, 4) (19, 3) (19, 0) 
--------------------------
Label: 54
Bounding Box: [x: 601, y: 331, width: 132, height: 15]
Confidence: 0.410963
Masks Instance Points: (0, 0) (0, 85) (10, 85) (10, 84) (11, 83) (12, 83) (13, 82) (15, 82) (16, 81) (19, 81) (21, 79) (22, 79) (23, 78) (24, 78) (25, 77) (26, 77) (29, 74) (30, 74) (34, 70) (34, 69) (35, 68) (35, 67) (36, 66) (38, 66) (38, 23) (37, 23) (33, 19) (32, 19) (19, 6) (19, 5) (18, 4) (18, 2) (17, 1) (17, 0) 
--------------------------
Label: 54
Bounding Box: [x: 601, y: 331, width: 132, height: 15]
Confidence: 0.446696
Masks Instance Points: (0, 0) (0, 86) (13, 86) (13, 84) (14, 83) (16, 83) (17, 82) (19, 82) (20, 81) (21, 81) (23, 79) (24, 79) (25, 78) (26, 78) (30, 74) (31, 74) (33, 72) (33, 71) (35, 69) (35, 68) (37, 66) (38, 66) (38, 20) (37, 20) (33, 16) (32, 16) (22, 6) (22, 5) (19, 2) (19, 0) 
--------------------------
Label: 54
Bounding Box: [x: 601, y: 332, width: 132, height: 15]
Confidence: 0.332011
Masks Instance Points: (0, 0) (0, 86) (14, 86) (14, 85) (16, 83) (17, 83) (18, 82) (21, 82) (22, 81) (23, 81) (26, 78) (27, 78) (28, 77) (29, 77) (30, 76) (30, 75) (31, 74) (32, 74) (33, 73) (33, 72) (35, 70) (35, 69) (37, 67) (38, 67) (38, 21) (37, 21) (32, 16) (31, 16) (29, 14) (29, 13) (28, 13) (26, 11) (26, 10) (18, 2) (18, 0) 
--------------------------
