Label: 59
Bounding Box: [x: 2, y: 246, width: 110, height: 15]
Confidence: 0.397025
Masks Instance Points: (141, 0) (141, 1) (142, 1) (142, 0) 
--------------------------
Label: 59
Bounding Box: [x: 490, y: 313, width: 110, height: 15]
Confidence: 0.304244
Masks Instance Points: (113, 0) (113, 1) (112, 2) (109, 2) (108, 3) (105, 3) (104, 4) (102, 4) (101, 5) (100, 5) (98, 7) (97, 7) (96, 8) (95, 8) (94, 9) (93, 9) (91, 11) (89, 11) (88, 12) (85, 12) (84, 13) (82, 13) (81, 14) (80, 14) (79, 15) (76, 15) (75, 16) (73, 16) (72, 17) (69, 17) (68, 18) (67, 18) (66, 19) (64, 19) (63, 20) (58, 20) (57, 21) (52, 21) (51, 22) (48, 22) (47, 23) (45, 23) (44, 24) (42, 24) (41, 25) (40, 25) (39, 26) (37, 26) (36, 27) (32, 27) (31, 28) (29, 28) (26, 31) (24, 31) (23, 32) (21, 32) (20, 33) (14, 33) (13, 34) (11, 34) (10, 35) (7, 35) (6, 36) (3, 36) (2, 37) (0, 37) (0, 112) (1, 112) (2, 113) (2, 115) (3, 116) (3, 138) (4, 139) (4, 141) (5, 142) (5, 143) (6, 144) (6, 146) (148, 146) (148, 0) 
--------------------------
