Label: 63
Bounding Box: [x: 0, y: 265, width: 143, height: 15]
Confidence: 0.29038
Masks Instance Points: (0, 0) (0, 195) (43, 195) (43, 193) (46, 190) (46, 189) (47, 188) (47, 187) (48, 186) (48, 183) (49, 182) (49, 178) (50, 177) (50, 161) (51, 160) (51, 157) (52, 156) (52, 150) (53, 149) (53, 145) (54, 144) (54, 140) (55, 139) (55, 133) (56, 132) (56, 128) (57, 127) (57, 123) (58, 122) (58, 117) (59, 116) (59, 111) (60, 110) (60, 108) (61, 107) (61, 104) (62, 103) (62, 100) (63, 99) (63, 96) (64, 95) (64, 90) (65, 89) (65, 85) (66, 84) (66, 75) (67, 74) (67, 62) (68, 61) (68, 57) (69, 56) (69, 54) (70, 53) (70, 48) (71, 47) (71, 39) (72, 38) (72, 34) (74, 32) (75, 32) (75, 8) (72, 8) (70, 6) (69, 6) (68, 5) (66, 5) (65, 4) (61, 4) (60, 3) (56, 3) (55, 2) (53, 2) (52, 1) (52, 0) 
--------------------------
Label: 49
Bounding Box: [x: 428, y: 139, width: 143, height: 15]
Confidence: 0.312633
Masks Instance Points: (6, 0) (6, 1) (7, 2) (7, 7) (6, 8) (6, 14) (5, 15) (5, 18) (4, 19) (4, 24) (3, 25) (3, 31) (2, 32) (2, 35) (1, 36) (0, 36) (0, 73) (20, 73) (20, 72) (22, 70) (23, 70) (24, 69) (26, 69) (29, 66) (30, 66) (31, 65) (32, 65) (35, 62) (36, 62) (42, 56) (42, 55) (45, 52) (45, 51) (46, 50) (46, 48) (48, 46) (49, 46) (49, 29) (48, 29) (47, 28) (47, 27) (46, 26) (46, 24) (45, 23) (45, 21) (37, 13) (37, 12) (36, 12) (32, 8) (31, 8) (26, 3) (25, 3) (23, 1) (23, 0) 
--------------------------
Label: 66
Bounding Box: [x: 0, y: 168, width: 165, height: 15]
Confidence: 0.600653
Masks Instance Points: (0, 0) (0, 65) (63, 65) (63, 64) (65, 62) (68, 62) (69, 61) (74, 61) (75, 60) (80, 60) (81, 59) (84, 59) (85, 58) (89, 58) (90, 57) (96, 57) (97, 56) (100, 56) (102, 54) (104, 54) (104, 28) (103, 28) (101, 26) (101, 24) (100, 23) (100, 21) (99, 20) (99, 19) (98, 18) (98, 17) (97, 16) (97, 14) (96, 13) (96, 10) (91, 5) (90, 5) (87, 2) (87, 0) 
--------------------------
Label: 63
Bounding Box: [x: 0, y: 256, width: 143, height: 15]
Confidence: 0.392315
Masks Instance Points: (0, 0) (0, 203) (10, 203) (10, 202) (16, 196) (18, 196) (20, 198) (21, 198) (22, 199) (25, 199) (26, 200) (28, 200) (29, 201) (30, 201) (31, 200) (37, 200) (38, 199) (39, 199) (40, 198) (41, 198) (42, 197) (42, 196) (43, 195) (43, 194) (44, 193) (44, 189) (43, 188) (43, 175) (42, 174) (42, 173) (43, 172) (43, 168) (44, 167) (44, 166) (45, 165) (45, 164) (46, 163) (46, 162) (47, 161) (47, 158) (48, 157) (48, 150) (49, 149) (49, 134) (50, 133) (50, 130) (51, 129) (51, 125) (52, 124) (52, 122) (53, 121) (53, 119) (54, 118) (54, 116) (55, 115) (55, 114) (56, 113) (56, 111) (57, 110) (57, 106) (58, 105) (58, 100) (59, 99) (59, 95) (60, 94) (60, 90) (61, 89) (61, 82) (62, 81) (62, 73) (63, 72) (63, 70) (64, 69) (64, 67) (65, 66) (65, 64) (66, 63) (66, 58) (67, 57) (67, 52) (68, 51) (68, 48) (69, 47) (69, 43) (70, 42) (70, 35) (71, 34) (71, 31) (72, 30) (72, 29) (73, 28) (74, 28) (74, 11) (72, 11) (71, 10) (70, 10) (69, 9) (67, 9) (66, 8) (61, 8) (60, 7) (58, 7) (57, 6) (55, 6) (54, 5) (51, 5) (50, 4) (46, 4) (45, 3) (41, 3) (40, 2) (39, 2) (38, 1) (38, 0) 
--------------------------
Label: 63
Bounding Box: [x: 123, y: 280, width: 143, height: 15]
Confidence: 0.335644
Masks Instance Points: (504, 52) (503, 53) (497, 53) (496, 54) (495, 54) (493, 56) (491, 56) (490, 57) (488, 57) (487, 58) (484, 58) (486, 58) (487, 59) (492, 59) (493, 60) (500, 60) (501, 59) (507, 59) (507, 52) 
--------------------------
Label: 9
Bounding Box: [x: 329, y: 83, width: 220, height: 15]
Confidence: 0.270518
Masks Instance Points: (97, 188) (97, 189) (99, 189) (99, 188) 
--------------------------
Label: 66
Bounding Box: [x: 0, y: 186, width: 165, height: 15]
Confidence: 0.646841
Masks Instance Points: (0, 0) (0, 63) (54, 63) (54, 62) (55, 61) (56, 61) (57, 60) (60, 60) (61, 59) (67, 59) (68, 58) (71, 58) (72, 57) (74, 57) (75, 56) (78, 56) (79, 55) (84, 55) (85, 54) (87, 54) (88, 53) (90, 53) (90, 34) (89, 34) (88, 33) (88, 32) (87, 31) (87, 28) (86, 27) (86, 24) (85, 23) (85, 22) (84, 21) (84, 20) (83, 19) (83, 17) (82, 16) (82, 14) (81, 13) (81, 11) (79, 9) (79, 8) (76, 5) (75, 5) (73, 3) (72, 3) (70, 1) (70, 0) 
--------------------------
Label: 63
Bounding Box: [x: 0, y: 278, width: 143, height: 15]
Confidence: 0.260758
Masks Instance Points: (0, 0) (0, 179) (29, 179) (29, 173) (30, 172) (30, 165) (31, 164) (31, 161) (32, 160) (32, 153) (33, 152) (33, 147) (34, 146) (34, 141) (35, 140) (35, 134) (36, 133) (36, 130) (37, 129) (37, 128) (38, 127) (38, 124) (39, 123) (39, 118) (40, 117) (40, 113) (41, 112) (41, 110) (42, 109) (42, 105) (43, 104) (43, 97) (44, 96) (44, 89) (45, 88) (45, 82) (46, 81) (46, 75) (47, 74) (47, 69) (48, 68) (48, 63) (49, 62) (49, 59) (50, 58) (50, 55) (51, 54) (51, 50) (52, 49) (52, 42) (53, 41) (53, 37) (55, 35) (56, 35) (56, 8) (52, 8) (51, 7) (48, 7) (47, 6) (43, 6) (42, 5) (37, 5) (36, 4) (32, 4) (31, 3) (29, 3) (27, 1) (27, 0) 
--------------------------
Label: 66
Bounding Box: [x: 0, y: 184, width: 165, height: 15]
Confidence: 0.360737
Masks Instance Points: (0, 0) (0, 65) (57, 65) (57, 64) (58, 63) (59, 63) (60, 62) (63, 62) (64, 61) (70, 61) (71, 60) (74, 60) (75, 59) (77, 59) (78, 58) (81, 58) (82, 57) (85, 57) (86, 56) (88, 56) (88, 30) (87, 30) (85, 28) (85, 26) (84, 25) (84, 22) (83, 21) (83, 20) (82, 19) (82, 18) (81, 17) (81, 16) (80, 15) (80, 13) (79, 12) (79, 11) (78, 10) (78, 9) (74, 5) (73, 5) (69, 1) (69, 0) 
--------------------------
Label: 66
Bounding Box: [x: 0, y: 183, width: 165, height: 15]
Confidence: 0.476864
Masks Instance Points: (0, 0) (0, 61) (54, 61) (54, 60) (55, 59) (56, 59) (57, 58) (61, 58) (62, 57) (68, 57) (69, 56) (73, 56) (74, 55) (75, 55) (76, 54) (80, 54) (81, 53) (85, 53) (86, 52) (88, 52) (88, 25) (87, 25) (85, 23) (85, 22) (84, 21) (84, 18) (83, 17) (83, 16) (82, 15) (82, 14) (81, 13) (81, 12) (80, 11) (80, 10) (79, 9) (79, 8) (78, 7) (77, 7) (75, 5) (74, 5) (73, 4) (72, 4) (71, 3) (69, 3) (68, 2) (68, 0) 
--------------------------
Label: 66
Bounding Box: [x: 0, y: 179, width: 165, height: 15]
Confidence: 0.420975
Masks Instance Points: (0, 0) (0, 65) (46, 65) (46, 64) (48, 62) (51, 62) (52, 61) (58, 61) (59, 60) (63, 60) (64, 59) (66, 59) (67, 58) (69, 58) (70, 57) (76, 57) (77, 56) (81, 56) (82, 55) (83, 55) (84, 54) (85, 54) (87, 52) (89, 52) (89, 45) (88, 45) (87, 44) (87, 43) (86, 42) (86, 38) (85, 37) (85, 30) (84, 29) (84, 27) (83, 26) (83, 25) (82, 24) (82, 22) (81, 21) (81, 17) (80, 16) (80, 15) (79, 14) (79, 13) (78, 12) (78, 11) (77, 10) (77, 9) (76, 8) (76, 7) (72, 3) (71, 3) (70, 2) (70, 0) 
--------------------------
