Label: 49
Bounding Box: [x: 509, y: 240, width: 143, height: 15]
Confidence: 0.350206
Masks Instance Points: (0, 0) (0, 78) (6, 78) (6, 77) (8, 75) (10, 75) (11, 74) (13, 74) (14, 73) (15, 73) (17, 71) (18, 71) (19, 70) (20, 70) (21, 69) (22, 69) (24, 67) (25, 67) (30, 62) (31, 62) (31, 61) (35, 57) (35, 56) (37, 54) (39, 54) (39, 22) (38, 22) (35, 19) (35, 18) (34, 17) (34, 16) (33, 16) (28, 11) (27, 11) (24, 8) (23, 8) (16, 1) (16, 0) 
--------------------------
Label: 63
Bounding Box: [x: 0, y: 374, width: 143, height: 15]
Confidence: 0.706556
Masks Instance Points: (0, 0) (0, 86) (90, 86) (90, 83) (91, 82) (91, 79) (92, 78) (92, 76) (93, 75) (93, 71) (94, 70) (94, 58) (95, 57) (95, 54) (96, 53) (96, 50) (97, 49) (97, 44) (98, 43) (98, 35) (99, 34) (99, 30) (101, 28) (102, 28) (102, 12) (99, 12) (98, 11) (97, 11) (96, 10) (93, 10) (92, 9) (85, 9) (84, 8) (74, 8) (73, 7) (63, 7) (62, 6) (58, 6) (57, 5) (54, 5) (53, 4) (47, 4) (46, 3) (36, 3) (35, 2) (27, 2) (26, 1) (26, 0) 
--------------------------
Label: 49
Bounding Box: [x: 507, y: 238, width: 143, height: 15]
Confidence: 0.269568
Masks Instance Points: (0, 0) (0, 78) (8, 78) (8, 77) (10, 75) (11, 75) (12, 74) (14, 74) (17, 71) (19, 71) (20, 70) (22, 70) (26, 66) (27, 66) (27, 65) (32, 60) (32, 59) (33, 58) (34, 58) (34, 57) (35, 56) (35, 55) (36, 54) (36, 52) (37, 51) (39, 51) (39, 27) (38, 27) (36, 25) (36, 24) (35, 23) (35, 21) (29, 15) (28, 15) (24, 11) (23, 11) (18, 6) (18, 5) (15, 2) (15, 0) 
--------------------------
Label: 63
Bounding Box: [x: 0, y: 372, width: 143, height: 15]
Confidence: 0.617041
Masks Instance Points: (0, 0) (0, 88) (89, 88) (89, 87) (90, 86) (90, 85) (91, 84) (91, 82) (92, 81) (92, 74) (93, 73) (93, 67) (94, 66) (94, 59) (95, 58) (95, 55) (96, 54) (96, 47) (97, 46) (97, 42) (99, 40) (100, 40) (100, 9) (98, 9) (97, 8) (89, 8) (88, 7) (80, 7) (79, 6) (73, 6) (72, 5) (66, 5) (65, 4) (58, 4) (57, 3) (51, 3) (50, 2) (49, 2) (48, 1) (48, 0) 
--------------------------
Label: 39
Bounding Box: [x: 404, y: 179, width: 143, height: 15]
Confidence: 0.275779
Masks Instance Points: (28, 0) (28, 2) (27, 3) (25, 3) (24, 4) (22, 4) (21, 5) (20, 5) (17, 8) (16, 8) (13, 11) (13, 12) (12, 13) (12, 15) (11, 16) (11, 21) (10, 22) (10, 33) (9, 34) (9, 40) (8, 41) (8, 44) (7, 45) (7, 47) (6, 48) (6, 49) (5, 50) (5, 51) (4, 52) (4, 53) (3, 54) (3, 56) (1, 58) (0, 58) (0, 82) (1, 82) (2, 83) (2, 87) (1, 88) (0, 88) (0, 259) (1, 259) (4, 262) (5, 262) (6, 263) (7, 263) (8, 264) (9, 264) (10, 265) (11, 265) (12, 266) (15, 266) (16, 267) (17, 267) (18, 268) (20, 268) (21, 269) (23, 269) (24, 270) (28, 270) (29, 271) (31, 271) (33, 273) (33, 274) (91, 274) (91, 272) (92, 271) (92, 269) (93, 268) (93, 260) (94, 259) (94, 248) (95, 247) (95, 238) (96, 237) (96, 221) (97, 220) (97, 211) (98, 210) (98, 207) (99, 206) (99, 205) (100, 204) (101, 204) (101, 10) (99, 10) (97, 8) (96, 8) (94, 6) (93, 6) (92, 5) (89, 5) (88, 4) (85, 4) (84, 3) (82, 3) (80, 1) (80, 0) 
--------------------------
Label: 63
Bounding Box: [x: 0, y: 368, width: 143, height: 15]
Confidence: 0.717124
Masks Instance Points: (0, 0) (0, 92) (85, 92) (85, 88) (86, 87) (86, 84) (87, 83) (87, 79) (88, 78) (88, 76) (89, 75) (89, 71) (90, 70) (90, 54) (91, 53) (91, 48) (92, 47) (92, 45) (93, 44) (93, 40) (94, 39) (94, 32) (95, 31) (95, 27) (96, 26) (96, 25) (97, 24) (98, 24) (98, 9) (95, 9) (94, 8) (92, 8) (91, 7) (86, 7) (85, 6) (80, 6) (79, 5) (74, 5) (73, 4) (66, 4) (65, 3) (59, 3) (58, 2) (57, 2) (56, 1) (56, 0) 
--------------------------
Label: 63
Bounding Box: [x: 170, y: 383, width: 143, height: 15]
Confidence: 0.328236
Masks Instance Points: (15, 0) (15, 1) (13, 3) (13, 4) (12, 5) (12, 6) (11, 7) (11, 9) (10, 10) (10, 13) (9, 14) (9, 22) (8, 23) (8, 31) (7, 32) (7, 36) (6, 37) (6, 43) (5, 44) (5, 47) (4, 48) (4, 50) (3, 51) (3, 52) (2, 53) (2, 54) (1, 55) (0, 55) (0, 78) (235, 78) (235, 77) (236, 76) (236, 75) (239, 72) (239, 71) (244, 66) (246, 66) (248, 68) (249, 68) (250, 69) (251, 69) (252, 70) (253, 70) (254, 71) (255, 71) (257, 73) (258, 73) (259, 74) (260, 74) (261, 75) (266, 75) (267, 76) (269, 76) (270, 77) (270, 78) (325, 78) (325, 77) (328, 74) (337, 74) (338, 75) (342, 75) (343, 76) (345, 76) (346, 77) (346, 78) (458, 78) (458, 56) (457, 56) (456, 57) (435, 57) (434, 56) (422, 56) (421, 55) (418, 55) (416, 53) (414, 53) (413, 52) (412, 52) (411, 51) (410, 51) (408, 49) (406, 49) (405, 48) (404, 48) (401, 45) (400, 45) (398, 43) (397, 43) (396, 42) (395, 42) (394, 41) (388, 41) (387, 40) (383, 40) (382, 39) (379, 39) (378, 38) (375, 38) (374, 37) (373, 37) (371, 35) (371, 34) (370, 33) (370, 30) (369, 29) (370, 28) (370, 26) (371, 25) (371, 22) (372, 21) (372, 16) (371, 15) (371, 14) (370, 13) (370, 10) (369, 9) (367, 9) (366, 8) (361, 8) (360, 7) (359, 7) (357, 5) (356, 5) (355, 4) (354, 4) (352, 2) (350, 2) (349, 1) (349, 0) (345, 0) (345, 1) (344, 2) (343, 2) (341, 4) (341, 7) (342, 8) (342, 15) (343, 16) (343, 21) (344, 22) (344, 28) (345, 29) (345, 32) (347, 30) (347, 29) (348, 28) (349, 28) (350, 29) (350, 35) (349, 36) (348, 36) (346, 38) (343, 38) (342, 37) (339, 37) (338, 38) (337, 38) (336, 37) (333, 37) (332, 36) (331, 36) (329, 34) (327, 34) (325, 36) (325, 38) (324, 39) (324, 45) (323, 46) (323, 53) (320, 56) (315, 56) (314, 57) (311, 57) (310, 58) (306, 58) (305, 57) (303, 57) (302, 56) (301, 56) (300, 55) (298, 55) (297, 54) (296, 55) (295, 55) (294, 56) (293, 56) (292, 57) (292, 58) (289, 61) (288, 61) (287, 62) (278, 62) (277, 63) (276, 62) (274, 62) (273, 61) (270, 61) (269, 60) (262, 60) (261, 59) (258, 59) (257, 58) (255, 58) (254, 57) (253, 57) (252, 56) (250, 56) (249, 55) (248, 56) (245, 56) (244, 55) (243, 55) (242, 54) (241, 54) (240, 53) (240, 50) (239, 49) (239, 47) (238, 46) (238, 41) (237, 40) (237, 29) (234, 26) (229, 26) (227, 24) (226, 24) (225, 23) (219, 23) (218, 24) (217, 24) (216, 23) (212, 23) (211, 22) (210, 22) (209, 21) (209, 20) (182, 20) (181, 19) (175, 19) (174, 18) (170, 18) (169, 17) (161, 17) (160, 16) (151, 16) (150, 15) (146, 15) (145, 14) (141, 14) (140, 13) (136, 13) (135, 12) (121, 12) (120, 11) (114, 11) (113, 10) (109, 10) (108, 9) (103, 9) (102, 8) (98, 8) (97, 7) (92, 7) (91, 6) (89, 6) (88, 5) (82, 5) (81, 4) (71, 4) (70, 3) (53, 3) (52, 2) (50, 2) (49, 1) (49, 0) 
--------------------------
Label: 66
Bounding Box: [x: 1, y: 268, width: 165, height: 15]
Confidence: 0.303261
Masks Instance Points: (8, 0) (8, 2) (6, 4) (4, 4) (3, 3) (0, 3) (0, 61) (15, 61) (15, 60) (16, 59) (19, 59) (20, 58) (37, 58) (38, 57) (45, 57) (46, 56) (66, 56) (67, 57) (76, 57) (77, 58) (78, 57) (87, 57) (88, 56) (92, 56) (93, 55) (95, 55) (96, 54) (98, 54) (99, 53) (102, 53) (103, 52) (106, 52) (107, 51) (109, 51) (110, 50) (111, 50) (112, 49) (115, 49) (116, 48) (119, 48) (120, 47) (121, 47) (122, 46) (122, 45) (124, 43) (124, 42) (123, 41) (123, 17) (122, 16) (122, 15) (121, 14) (121, 13) (120, 12) (120, 11) (119, 10) (120, 9) (120, 7) (121, 6) (120, 5) (119, 5) (118, 4) (117, 4) (114, 1) (114, 0) (17, 0) (17, 1) (15, 3) (13, 3) (11, 1) (11, 0) 
--------------------------
Label: 63
Bounding Box: [x: 0, y: 367, width: 143, height: 15]
Confidence: 0.614144
Masks Instance Points: (0, 0) (0, 93) (84, 93) (84, 90) (85, 89) (85, 87) (86, 86) (86, 79) (87, 78) (87, 74) (88, 73) (88, 70) (89, 69) (89, 66) (90, 65) (90, 51) (91, 50) (91, 46) (92, 45) (92, 44) (93, 43) (93, 39) (94, 38) (94, 30) (95, 29) (95, 25) (97, 23) (98, 23) (98, 13) (97, 13) (96, 12) (95, 12) (94, 11) (93, 11) (92, 10) (89, 10) (88, 9) (83, 9) (82, 8) (75, 8) (74, 7) (64, 7) (63, 6) (58, 6) (57, 5) (53, 5) (52, 4) (42, 4) (41, 3) (29, 3) (28, 2) (25, 2) (24, 1) (24, 0) 
--------------------------
Label: 66
Bounding Box: [x: 1, y: 267, width: 165, height: 15]
Confidence: 0.397452
Masks Instance Points: (0, 0) (0, 62) (16, 62) (16, 61) (17, 60) (22, 60) (23, 59) (36, 59) (37, 58) (50, 58) (51, 59) (67, 59) (68, 60) (74, 60) (75, 59) (81, 59) (82, 58) (88, 58) (89, 57) (91, 57) (92, 56) (94, 56) (95, 55) (97, 55) (98, 54) (102, 54) (103, 53) (105, 53) (106, 52) (107, 52) (108, 51) (111, 51) (112, 50) (116, 50) (117, 49) (118, 49) (119, 48) (120, 48) (121, 47) (121, 46) (122, 45) (122, 39) (121, 38) (121, 21) (120, 20) (120, 19) (119, 18) (119, 17) (118, 16) (118, 9) (117, 9) (112, 4) (111, 4) (109, 2) (109, 0) (26, 0) (26, 1) (25, 2) (24, 2) (23, 3) (20, 3) (19, 4) (18, 4) (18, 5) (17, 6) (16, 6) (15, 7) (13, 7) (11, 5) (11, 3) (12, 2) (13, 2) (14, 1) (14, 0) (12, 0) (12, 1) (11, 2) (10, 2) (9, 3) (8, 3) (6, 5) (5, 5) (4, 4) (4, 2) (3, 1) (3, 0) 
--------------------------
Label: 49
Bounding Box: [x: 502, y: 230, width: 143, height: 15]
Confidence: 0.363555
Masks Instance Points: (0, 0) (0, 79) (9, 79) (9, 78) (11, 76) (12, 76) (13, 75) (15, 75) (16, 74) (17, 74) (17, 73) (18, 72) (19, 72) (20, 71) (21, 71) (32, 60) (32, 59) (34, 57) (34, 56) (35, 55) (35, 54) (36, 53) (36, 50) (37, 49) (37, 48) (38, 47) (39, 47) (39, 34) (38, 34) (37, 33) (37, 32) (36, 31) (36, 26) (35, 25) (35, 23) (34, 22) (34, 21) (32, 19) (32, 18) (30, 16) (29, 16) (24, 11) (23, 11) (22, 10) (22, 9) (14, 1) (14, 0) 
--------------------------
Label: 63
Bounding Box: [x: 0, y: 366, width: 143, height: 15]
Confidence: 0.696516
Masks Instance Points: (0, 0) (0, 94) (86, 94) (86, 91) (87, 90) (87, 89) (88, 88) (88, 85) (89, 84) (89, 74) (90, 73) (90, 68) (91, 67) (91, 64) (92, 63) (92, 57) (93, 56) (93, 48) (94, 47) (94, 43) (96, 41) (97, 41) (97, 10) (95, 10) (94, 9) (89, 9) (88, 8) (81, 8) (80, 7) (71, 7) (70, 6) (64, 6) (63, 5) (58, 5) (57, 4) (49, 4) (48, 3) (36, 3) (35, 2) (30, 2) (29, 1) (29, 0) 
--------------------------
Label: 63
Bounding Box: [x: 168, y: 380, width: 143, height: 15]
Confidence: 0.336429
Masks Instance Points: (209, 9) (208, 10) (209, 11) 
--------------------------
