Label: 54
Bounding Box: [x: 601, y: 332, width: 132, height: 15]
Confidence: 0.270104
Masks Instance Points: (0, 0) (0, 83) (2, 83) (3, 84) (6, 84) (7, 83) (12, 83) (13, 82) (14, 82) (17, 79) (20, 79) (21, 78) (23, 78) (26, 75) (27, 75) (28, 74) (29, 74) (34, 69) (34, 68) (37, 65) (38, 65) (38, 20) (36, 20) (34, 18) (34, 17) (33, 16) (32, 16) (18, 2) (18, 0) 
--------------------------
Label: 54
Bounding Box: [x: 601, y: 332, width: 132, height: 15]
Confidence: 0.433347
Masks Instance Points: (0, 0) (0, 82) (1, 82) (2, 83) (10, 83) (11, 82) (14, 82) (17, 79) (19, 79) (20, 78) (22, 78) (23, 77) (24, 77) (26, 75) (27, 75) (28, 74) (29, 74) (30, 73) (30, 72) (32, 70) (33, 70) (34, 69) (34, 68) (35, 67) (35, 66) (36, 65) (38, 65) (38, 20) (36, 20) (34, 18) (34, 17) (33, 16) (32, 16) (31, 15) (30, 15) (25, 10) (25, 9) (18, 2) (18, 0) 
--------------------------
Label: 54
Bounding Box: [x: 601, y: 332, width: 132, height: 15]
Confidence: 0.310083
Masks Instance Points: (0, 0) (0, 86) (15, 86) (15, 85) (17, 83) (18, 83) (19, 82) (22, 82) (25, 79) (26, 79) (27, 78) (28, 78) (34, 72) (34, 71) (35, 70) (35, 69) (36, 68) (38, 68) (38, 21) (37, 21) (32, 16) (31, 16) (20, 5) (20, 4) (18, 2) (18, 0) 
--------------------------
