Label: 67
Bounding Box: [x: 1, y: 104, width: 187, height: 15]
Confidence: 0.316481
Masks Instance Points: (0, 0) (0, 93) (1, 93) (1, 92) (2, 91) (2, 90) (3, 89) (3, 88) (5, 86) (8, 86) (9, 87) (11, 87) (12, 88) (14, 88) (15, 89) (22, 89) (23, 90) (31, 90) (32, 91) (36, 91) (37, 92) (37, 93) (87, 93) (87, 90) (88, 89) (88, 88) (89, 87) (89, 86) (91, 84) (91, 81) (92, 80) (92, 78) (93, 77) (93, 76) (94, 75) (94, 73) (95, 72) (95, 71) (96, 70) (96, 69) (97, 68) (97, 67) (98, 66) (98, 65) (99, 64) (99, 63) (100, 62) (100, 61) (102, 59) (102, 57) (103, 56) (103, 55) (104, 54) (104, 53) (106, 51) (107, 51) (107, 29) (105, 29) (101, 25) (98, 25) (97, 24) (94, 24) (93, 23) (91, 23) (90, 22) (88, 22) (87, 21) (81, 21) (80, 20) (77, 20) (76, 19) (74, 19) (73, 18) (71, 18) (70, 17) (66, 17) (65, 16) (61, 16) (60, 15) (58, 15) (57, 14) (56, 14) (55, 13) (52, 13) (51, 12) (48, 12) (47, 11) (45, 11) (44, 10) (43, 10) (42, 9) (39, 9) (38, 8) (35, 8) (34, 7) (31, 7) (30, 6) (27, 6) (26, 5) (24, 5) (23, 4) (20, 4) (19, 3) (17, 3) (15, 1) (15, 0) 
--------------------------
Label: 66
Bounding Box: [x: 0, y: 239, width: 165, height: 15]
Confidence: 0.390596
Masks Instance Points: (0, 0) (0, 59) (17, 59) (17, 58) (18, 57) (19, 58) (19, 59) (24, 59) (24, 58) (25, 57) (26, 57) (27, 58) (27, 59) (33, 59) (33, 58) (34, 57) (35, 58) (35, 59) (39, 59) (39, 58) (40, 57) (47, 57) (48, 56) (57, 56) (58, 55) (65, 55) (66, 54) (69, 54) (70, 53) (72, 53) (73, 52) (77, 52) (78, 51) (84, 51) (85, 50) (87, 50) (88, 49) (91, 49) (92, 48) (97, 48) (98, 47) (101, 47) (102, 46) (103, 46) (104, 45) (105, 45) (106, 44) (108, 44) (108, 23) (106, 23) (105, 22) (105, 20) (104, 19) (104, 17) (103, 16) (103, 15) (101, 13) (101, 11) (100, 10) (100, 6) (95, 1) (95, 0) 
--------------------------
Label: 63
Bounding Box: [x: 0, y: 339, width: 143, height: 15]
Confidence: 0.739909
Masks Instance Points: (0, 0) (0, 121) (64, 121) (64, 119) (65, 118) (65, 117) (66, 116) (66, 114) (67, 113) (67, 109) (68, 108) (68, 101) (69, 100) (69, 95) (70, 94) (70, 90) (71, 89) (71, 83) (72, 82) (72, 72) (73, 71) (73, 67) (74, 66) (74, 64) (75, 63) (75, 56) (76, 55) (76, 44) (77, 43) (77, 40) (79, 38) (80, 38) (80, 8) (71, 8) (70, 7) (62, 7) (61, 6) (59, 6) (58, 5) (54, 5) (53, 4) (45, 4) (44, 3) (37, 3) (36, 2) (31, 2) (30, 1) (30, 0) 
--------------------------
Label: 56
Bounding Box: [x: 0, y: 297, width: 132, height: 15]
Confidence: 0.334118
Masks Instance Points: (0, 0) (0, 162) (36, 162) (36, 161) (37, 160) (37, 159) (38, 158) (38, 156) (39, 155) (39, 151) (40, 150) (40, 146) (39, 145) (40, 144) (40, 140) (41, 139) (41, 136) (42, 135) (42, 131) (43, 130) (43, 126) (44, 125) (44, 119) (45, 118) (45, 113) (46, 112) (46, 108) (47, 107) (47, 102) (48, 101) (48, 77) (49, 76) (49, 71) (50, 70) (50, 65) (51, 64) (51, 62) (52, 61) (52, 58) (53, 57) (53, 51) (54, 50) (54, 44) (55, 43) (55, 38) (56, 37) (56, 34) (57, 33) (57, 29) (58, 28) (58, 23) (59, 22) (59, 15) (60, 14) (60, 12) (61, 11) (62, 11) (62, 4) (60, 4) (58, 2) (58, 0) 
--------------------------
