Label: 59
Bounding Box: [x: 1, y: 246, width: 110, height: 15]
Confidence: 0.348476
Masks Instance Points: (0, 0) (0, 211) (493, 211) (493, 155) (492, 155) (491, 154) (491, 152) (492, 151) (493, 151) (493, 148) (492, 148) (491, 147) (491, 144) (492, 143) (493, 143) (493, 111) (492, 111) (490, 109) (490, 106) (489, 105) (489, 103) (488, 102) (488, 100) (487, 99) (487, 97) (486, 96) (486, 93) (485, 92) (485, 89) (484, 88) (484, 86) (483, 85) (483, 84) (482, 83) (482, 82) (481, 81) (481, 80) (480, 79) (480, 78) (476, 74) (476, 73) (475, 72) (474, 72) (473, 71) (473, 70) (467, 64) (466, 64) (464, 62) (462, 62) (461, 61) (460, 61) (459, 60) (457, 60) (456, 59) (455, 59) (453, 57) (451, 57) (450, 56) (449, 56) (448, 55) (447, 55) (446, 54) (445, 54) (444, 53) (442, 53) (441, 52) (438, 52) (437, 51) (432, 51) (431, 50) (428, 50) (427, 49) (424, 49) (423, 48) (420, 48) (419, 47) (417, 47) (416, 46) (415, 46) (414, 45) (411, 45) (410, 44) (408, 44) (407, 43) (405, 43) (404, 42) (401, 42) (400, 41) (397, 41) (396, 40) (393, 40) (392, 39) (390, 39) (389, 38) (388, 38) (387, 37) (384, 37) (383, 36) (379, 36) (378, 35) (374, 35) (373, 34) (369, 34) (368, 33) (363, 33) (362, 32) (358, 32) (357, 31) (355, 31) (354, 30) (351, 30) (350, 29) (346, 29) (345, 28) (342, 28) (341, 27) (338, 27) (337, 26) (334, 26) (333, 25) (329, 25) (328, 24) (324, 24) (323, 23) (320, 23) (319, 22) (316, 22) (315, 21) (312, 21) (311, 20) (307, 20) (306, 19) (303, 19) (302, 18) (299, 18) (298, 17) (295, 17) (294, 16) (291, 16) (290, 15) (288, 15) (287, 14) (285, 14) (284, 13) (283, 13) (282, 12) (281, 12) (280, 11) (278, 11) (277, 10) (275, 10) (274, 9) (271, 9) (270, 8) (267, 8) (266, 7) (264, 7) (263, 6) (262, 6) (261, 5) (260, 5) (259, 4) (258, 4) (257, 3) (256, 3) (255, 2) (254, 2) (253, 1) (253, 0) (154, 0) (154, 1) (155, 2) (157, 2) (158, 3) (160, 3) (162, 5) (162, 6) (161, 7) (159, 7) (158, 8) (157, 8) (155, 10) (153, 10) (152, 11) (148, 11) (147, 12) (146, 12) (145, 13) (142, 13) (141, 14) (137, 14) (136, 15) (125, 15) (124, 16) (119, 16) (118, 17) (114, 17) (113, 18) (108, 18) (107, 19) (100, 19) (99, 20) (94, 20) (93, 21) (91, 21) (90, 22) (87, 22) (86, 23) (83, 23) (82, 24) (77, 24) (76, 25) (71, 25) (70, 26) (66, 26) (65, 27) (61, 27) (60, 28) (58, 28) (57, 29) (53, 29) (52, 30) (51, 30) (50, 31) (45, 31) (44, 32) (42, 32) (41, 33) (38, 33) (37, 34) (36, 34) (36, 35) (32, 39) (28, 39) (27, 38) (26, 38) (25, 37) (22, 37) (20, 35) (19, 35) (17, 33) (16, 33) (15, 32) (13, 32) (12, 31) (11, 31) (10, 30) (10, 28) (11, 27) (11, 26) (12, 25) (12, 23) (13, 22) (13, 21) (14, 20) (14, 19) (20, 13) (20, 12) (21, 11) (21, 10) (22, 9) (22, 7) (23, 6) (23, 5) (25, 3) (25, 0) 
--------------------------
Label: 59
Bounding Box: [x: 490, y: 313, width: 110, height: 15]
Confidence: 0.268316
Masks Instance Points: (113, 0) (113, 1) (112, 2) (108, 2) (107, 3) (104, 3) (103, 4) (101, 4) (98, 7) (97, 7) (96, 8) (95, 8) (93, 10) (92, 10) (91, 11) (89, 11) (88, 12) (85, 12) (84, 13) (82, 13) (81, 14) (80, 14) (79, 15) (77, 15) (76, 16) (73, 16) (72, 17) (70, 17) (69, 18) (68, 18) (67, 19) (64, 19) (63, 20) (58, 20) (57, 21) (51, 21) (50, 22) (47, 22) (46, 23) (44, 23) (43, 24) (42, 24) (41, 25) (40, 25) (39, 26) (37, 26) (36, 27) (33, 27) (32, 28) (30, 28) (29, 29) (28, 29) (27, 30) (26, 30) (25, 31) (24, 31) (23, 32) (21, 32) (20, 33) (15, 33) (14, 34) (12, 34) (11, 35) (9, 35) (8, 36) (6, 36) (5, 37) (2, 37) (1, 38) (0, 38) (0, 107) (1, 107) (2, 108) (2, 114) (3, 115) (3, 137) (4, 138) (4, 141) (5, 142) (5, 143) (6, 144) (6, 146) (148, 146) (148, 0) 
--------------------------
Label: 59
Bounding Box: [x: 2, y: 247, width: 110, height: 15]
Confidence: 0.324985
Masks Instance Points: (0, 0) (0, 210) (492, 210) (492, 164) (491, 164) (490, 163) (490, 155) (489, 154) (489, 151) (490, 150) (490, 147) (489, 146) (489, 142) (490, 141) (490, 129) (491, 128) (492, 128) (492, 112) (491, 112) (490, 111) (490, 110) (489, 109) (489, 106) (488, 105) (488, 103) (487, 102) (487, 100) (486, 99) (486, 97) (485, 96) (485, 93) (484, 92) (484, 89) (483, 88) (483, 86) (482, 85) (482, 84) (481, 83) (481, 82) (480, 81) (480, 80) (479, 79) (479, 78) (477, 76) (477, 75) (468, 66) (468, 65) (467, 64) (466, 64) (465, 63) (464, 63) (462, 61) (460, 61) (459, 60) (457, 60) (456, 59) (455, 59) (454, 58) (453, 58) (452, 57) (451, 57) (450, 56) (449, 56) (448, 55) (447, 55) (446, 54) (445, 54) (444, 53) (442, 53) (441, 52) (438, 52) (437, 51) (432, 51) (431, 50) (428, 50) (427, 49) (423, 49) (422, 48) (420, 48) (419, 47) (417, 47) (416, 46) (415, 46) (414, 45) (412, 45) (411, 44) (408, 44) (407, 43) (405, 43) (404, 42) (402, 42) (401, 41) (397, 41) (396, 40) (393, 40) (392, 39) (390, 39) (389, 38) (388, 38) (387, 37) (384, 37) (383, 36) (379, 36) (378, 35) (374, 35) (373, 34) (369, 34) (368, 33) (363, 33) (362, 32) (358, 32) (357, 31) (354, 31) (353, 30) (350, 30) (349, 29) (345, 29) (344, 28) (341, 28) (340, 27) (337, 27) (336, 26) (334, 26) (333, 25) (329, 25) (328, 24) (324, 24) (323, 23) (320, 23) (319, 22) (316, 22) (315, 21) (312, 21) (311, 20) (307, 20) (306, 19) (303, 19) (302, 18) (299, 18) (298, 17) (295, 17) (294, 16) (291, 16) (290, 15) (288, 15) (287, 14) (285, 14) (284, 13) (283, 13) (282, 12) (280, 12) (279, 11) (278, 11) (277, 10) (275, 10) (274, 9) (271, 9) (270, 8) (267, 8) (266, 7) (263, 7) (262, 6) (261, 6) (260, 5) (259, 5) (258, 4) (256, 4) (255, 3) (254, 3) (252, 1) (252, 0) (162, 0) (162, 1) (163, 2) (163, 3) (164, 4) (164, 6) (163, 7) (162, 7) (161, 8) (160, 8) (159, 9) (157, 9) (156, 10) (154, 10) (153, 11) (150, 11) (149, 12) (147, 12) (146, 13) (143, 13) (142, 14) (137, 14) (136, 15) (129, 15) (128, 16) (122, 16) (121, 17) (116, 17) (115, 18) (110, 18) (109, 19) (102, 19) (101, 20) (95, 20) (94, 21) (91, 21) (90, 22) (87, 22) (86, 23) (83, 23) (82, 24) (77, 24) (76, 25) (72, 25) (71, 26) (66, 26) (65, 27) (61, 27) (60, 28) (58, 28) (57, 29) (54, 29) (53, 30) (52, 30) (51, 31) (49, 31) (48, 32) (44, 32) (43, 33) (41, 33) (40, 34) (38, 34) (36, 36) (36, 37) (33, 40) (32, 40) (31, 41) (29, 41) (28, 40) (27, 40) (25, 38) (23, 38) (22, 37) (21, 37) (18, 34) (17, 34) (16, 33) (15, 33) (14, 32) (13, 32) (10, 29) (11, 28) (11, 26) (12, 25) (12, 23) (13, 22) (13, 21) (14, 20) (14, 19) (15, 18) (15, 17) (19, 13) (19, 11) (20, 10) (20, 9) (21, 8) (21, 7) (23, 5) (23, 4) (24, 3) (24, 2) (25, 1) (25, 0) 
--------------------------
Label: 59
Bounding Box: [x: 489, y: 312, width: 110, height: 15]
Confidence: 0.260631
Masks Instance Points: (113, 0) (113, 1) (112, 2) (109, 2) (108, 3) (106, 3) (105, 4) (103, 4) (102, 5) (101, 5) (100, 6) (99, 6) (97, 8) (96, 8) (95, 9) (94, 9) (93, 10) (92, 10) (91, 11) (90, 11) (89, 12) (86, 12) (85, 13) (83, 13) (82, 14) (80, 14) (79, 15) (77, 15) (76, 16) (74, 16) (73, 17) (70, 17) (69, 18) (68, 18) (67, 19) (64, 19) (63, 20) (59, 20) (58, 21) (53, 21) (52, 22) (48, 22) (47, 23) (45, 23) (44, 24) (42, 24) (41, 25) (40, 25) (39, 26) (38, 26) (37, 27) (34, 27) (33, 28) (30, 28) (29, 29) (28, 29) (26, 31) (24, 31) (23, 32) (22, 32) (21, 33) (15, 33) (14, 34) (12, 34) (11, 35) (9, 35) (8, 36) (6, 36) (5, 37) (2, 37) (1, 38) (0, 38) (0, 109) (1, 109) (2, 110) (2, 115) (3, 116) (3, 137) (4, 138) (4, 141) (5, 142) (5, 144) (6, 145) (6, 147) (149, 147) (149, 0) 
--------------------------
