Label: 67
Bounding Box: [x: 0, y: 106, width: 187, height: 15]
Confidence: 0.276679
Masks Instance Points: (0, 0) (0, 94) (1, 94) (4, 91) (9, 91) (10, 92) (27, 92) (28, 93) (37, 93) (38, 92) (39, 93) (51, 93) (52, 94) (56, 94) (57, 95) (57, 96) (85, 96) (85, 95) (88, 92) (89, 92) (90, 91) (90, 90) (91, 89) (91, 87) (92, 86) (92, 85) (93, 84) (93, 83) (94, 82) (94, 80) (95, 79) (95, 77) (96, 76) (96, 74) (98, 72) (98, 71) (99, 70) (99, 68) (100, 67) (100, 66) (102, 64) (102, 62) (103, 61) (103, 59) (105, 57) (105, 56) (107, 54) (107, 51) (108, 50) (108, 49) (109, 48) (111, 48) (111, 33) (109, 33) (105, 29) (104, 29) (103, 28) (102, 28) (101, 27) (100, 27) (99, 26) (98, 26) (97, 25) (93, 25) (92, 24) (87, 24) (86, 23) (82, 23) (81, 22) (79, 22) (78, 21) (74, 21) (73, 20) (70, 20) (69, 19) (66, 19) (65, 18) (63, 18) (62, 17) (59, 17) (58, 16) (55, 16) (54, 15) (52, 15) (51, 14) (50, 14) (49, 13) (46, 13) (45, 12) (42, 12) (41, 11) (39, 11) (38, 10) (36, 10) (35, 9) (33, 9) (32, 8) (28, 8) (27, 7) (23, 7) (22, 6) (20, 6) (19, 5) (18, 5) (17, 4) (15, 4) (14, 3) (13, 3) (11, 1) (11, 0) 
--------------------------
Label: 66
Bounding Box: [x: 1, y: 242, width: 165, height: 15]
Confidence: 0.363077
Masks Instance Points: (0, 0) (0, 59) (61, 59) (61, 58) (62, 57) (64, 57) (65, 56) (68, 56) (69, 55) (73, 55) (74, 54) (78, 54) (79, 53) (81, 53) (82, 52) (85, 52) (86, 51) (91, 51) (92, 50) (94, 50) (95, 49) (96, 49) (97, 48) (100, 48) (101, 47) (108, 47) (108, 19) (107, 19) (105, 17) (105, 16) (104, 15) (104, 12) (102, 10) (102, 9) (101, 8) (101, 6) (100, 5) (100, 4) (97, 1) (97, 0) (76, 0) (76, 1) (75, 2) (68, 2) (67, 3) (63, 3) (62, 2) (59, 2) (58, 1) (58, 0) 
--------------------------
Label: 63
Bounding Box: [x: 0, y: 341, width: 143, height: 15]
Confidence: 0.72479
Masks Instance Points: (0, 0) (0, 118) (65, 118) (65, 116) (66, 115) (66, 111) (67, 110) (67, 104) (68, 103) (68, 100) (69, 99) (69, 93) (70, 92) (70, 86) (71, 85) (71, 79) (72, 78) (72, 74) (73, 73) (73, 66) (74, 65) (74, 54) (75, 53) (75, 48) (76, 47) (76, 45) (77, 44) (77, 40) (78, 39) (78, 31) (79, 30) (79, 25) (80, 24) (80, 23) (81, 22) (82, 22) (82, 9) (81, 9) (80, 8) (79, 8) (77, 6) (75, 6) (74, 5) (68, 5) (67, 4) (56, 4) (55, 3) (49, 3) (48, 2) (46, 2) (45, 1) (45, 0) 
--------------------------
Label: 63
Bounding Box: [x: 151, y: 351, width: 143, height: 15]
Confidence: 0.279924
Masks Instance Points: (13, 0) (13, 1) (12, 2) (12, 4) (11, 5) (11, 7) (10, 8) (10, 11) (9, 12) (9, 24) (8, 25) (8, 37) (7, 38) (7, 44) (6, 45) (6, 49) (5, 50) (5, 58) (4, 59) (4, 62) (3, 63) (3, 66) (2, 67) (2, 68) (1, 69) (0, 69) (0, 111) (483, 111) (483, 107) (484, 106) (484, 51) (482, 49) (476, 49) (475, 50) (471, 50) (470, 51) (469, 51) (468, 52) (466, 52) (465, 53) (459, 53) (458, 54) (431, 54) (430, 55) (429, 55) (428, 54) (421, 54) (420, 53) (419, 53) (418, 52) (417, 52) (416, 51) (415, 51) (414, 50) (412, 50) (411, 49) (410, 49) (408, 47) (406, 47) (405, 46) (404, 46) (401, 43) (400, 43) (393, 36) (392, 36) (391, 35) (390, 35) (389, 34) (387, 34) (386, 33) (386, 32) (385, 31) (384, 31) (383, 32) (381, 32) (380, 31) (380, 30) (379, 29) (378, 29) (377, 28) (373, 28) (372, 27) (366, 27) (365, 26) (365, 25) (363, 23) (363, 22) (364, 21) (365, 21) (367, 19) (367, 17) (368, 16) (368, 14) (363, 9) (362, 9) (361, 8) (359, 8) (358, 7) (357, 7) (356, 6) (354, 6) (351, 3) (351, 2) (350, 1) (350, 0) (330, 0) (330, 1) (329, 2) (329, 8) (328, 9) (328, 13) (329, 14) (328, 15) (328, 19) (327, 20) (327, 21) (326, 22) (326, 23) (325, 24) (325, 29) (324, 30) (324, 62) (320, 66) (319, 66) (318, 67) (315, 67) (314, 68) (309, 68) (308, 69) (301, 69) (300, 68) (291, 68) (290, 67) (278, 67) (277, 66) (274, 66) (273, 65) (269, 65) (268, 64) (266, 64) (265, 63) (263, 63) (262, 62) (259, 62) (258, 61) (256, 61) (255, 60) (254, 60) (253, 59) (252, 59) (251, 58) (246, 58) (245, 57) (244, 57) (242, 55) (241, 55) (239, 53) (239, 52) (237, 50) (237, 48) (236, 47) (236, 44) (235, 43) (235, 35) (236, 34) (236, 27) (235, 26) (235, 22) (234, 21) (234, 20) (233, 20) (232, 21) (230, 21) (229, 22) (223, 22) (222, 21) (211, 21) (210, 20) (209, 20) (207, 18) (204, 18) (203, 17) (180, 17) (179, 16) (175, 16) (174, 15) (172, 15) (171, 14) (165, 14) (164, 13) (156, 13) (155, 12) (150, 12) (149, 11) (147, 11) (146, 10) (142, 10) (141, 9) (130, 9) (129, 8) (117, 8) (116, 7) (110, 7) (109, 6) (104, 6) (103, 5) (99, 5) (98, 4) (92, 4) (91, 3) (87, 3) (86, 2) (85, 2) (84, 1) (84, 0) 
--------------------------
