Label: 63
Bounding Box: [x: 322, y: 375, width: 143, height: 15]
Confidence: 0.341095
Masks Instance Points: (9, 0) (9, 4) (8, 5) (8, 20) (7, 21) (7, 30) (6, 31) (6, 34) (5, 35) (5, 41) (4, 42) (4, 44) (3, 45) (3, 46) (1, 48) (0, 48) (0, 85) (311, 85) (311, 71) (308, 71) (307, 70) (303, 70) (302, 69) (285, 69) (284, 68) (281, 68) (280, 67) (278, 67) (277, 66) (271, 66) (270, 65) (267, 65) (266, 64) (265, 64) (264, 63) (260, 63) (259, 62) (257, 62) (256, 61) (256, 60) (255, 59) (255, 58) (254, 57) (254, 56) (253, 55) (253, 54) (252, 53) (252, 52) (251, 51) (251, 48) (250, 47) (250, 45) (249, 44) (249, 42) (248, 41) (248, 37) (247, 36) (247, 34) (246, 33) (246, 32) (245, 31) (245, 30) (244, 29) (244, 28) (243, 27) (243, 26) (242, 25) (242, 24) (238, 24) (237, 23) (226, 23) (225, 24) (220, 24) (219, 23) (214, 23) (213, 22) (211, 22) (210, 21) (209, 21) (208, 20) (197, 20) (196, 21) (179, 21) (178, 20) (173, 20) (172, 19) (170, 19) (169, 18) (165, 18) (164, 17) (152, 17) (151, 16) (146, 16) (145, 15) (144, 15) (143, 14) (138, 14) (137, 13) (131, 13) (130, 12) (125, 12) (124, 11) (122, 11) (121, 10) (118, 10) (117, 9) (111, 9) (110, 8) (103, 8) (102, 7) (97, 7) (96, 6) (93, 6) (92, 5) (89, 5) (88, 4) (82, 4) (81, 3) (75, 3) (74, 2) (72, 2) (71, 1) (71, 0) 
--------------------------
Label: 63
Bounding Box: [x: 308, y: 176, width: 143, height: 15]
Confidence: 0.310316
Masks Instance Points: (78, 0) (78, 2) (77, 3) (75, 3) (74, 4) (73, 4) (73, 5) (68, 10) (67, 10) (66, 11) (65, 11) (64, 12) (63, 12) (61, 14) (60, 14) (58, 16) (57, 16) (56, 17) (55, 17) (54, 18) (53, 18) (50, 21) (49, 21) (47, 23) (46, 23) (45, 24) (43, 24) (42, 25) (41, 25) (40, 26) (39, 26) (37, 28) (35, 28) (34, 29) (33, 29) (32, 30) (31, 30) (30, 31) (29, 31) (28, 32) (27, 32) (26, 33) (25, 33) (23, 35) (22, 35) (20, 37) (19, 37) (18, 38) (17, 38) (16, 39) (15, 39) (13, 41) (11, 41) (10, 42) (9, 42) (9, 43) (6, 46) (6, 47) (5, 48) (5, 53) (4, 54) (4, 59) (3, 60) (3, 62) (2, 63) (2, 64) (1, 65) (0, 65) (0, 116) (1, 116) (3, 118) (4, 118) (6, 120) (7, 120) (8, 121) (12, 121) (13, 122) (19, 122) (20, 123) (26, 123) (27, 124) (33, 124) (34, 125) (39, 125) (40, 126) (45, 126) (46, 127) (47, 127) (48, 128) (50, 128) (51, 129) (58, 129) (59, 130) (67, 130) (68, 131) (69, 131) (70, 132) (70, 133) (113, 133) (113, 132) (114, 131) (116, 131) (117, 130) (118, 130) (119, 129) (120, 129) (121, 128) (122, 128) (123, 127) (124, 127) (125, 126) (127, 126) (128, 125) (130, 125) (131, 124) (133, 124) (134, 123) (135, 123) (136, 122) (137, 122) (138, 121) (139, 121) (140, 120) (141, 120) (142, 119) (143, 119) (144, 118) (145, 118) (146, 117) (148, 117) (149, 116) (151, 116) (152, 115) (154, 115) (155, 114) (166, 114) (167, 113) (171, 113) (172, 114) (183, 114) (184, 113) (186, 113) (189, 110) (189, 109) (190, 108) (190, 107) (191, 106) (191, 103) (192, 102) (193, 102) (193, 27) (191, 27) (189, 25) (188, 25) (187, 24) (185, 24) (184, 23) (182, 23) (181, 22) (179, 22) (178, 21) (175, 21) (174, 20) (170, 20) (169, 19) (167, 19) (166, 18) (165, 18) (164, 17) (163, 17) (162, 16) (160, 16) (159, 15) (157, 15) (156, 14) (155, 14) (154, 13) (153, 13) (152, 12) (148, 12) (147, 11) (144, 11) (143, 10) (142, 10) (141, 9) (139, 9) (138, 8) (135, 8) (134, 7) (131, 7) (130, 6) (129, 6) (128, 5) (125, 5) (124, 4) (120, 4) (119, 3) (118, 3) (117, 2) (116, 2) (115, 1) (115, 0) 
--------------------------
Label: 63
Bounding Box: [x: 1, y: 347, width: 143, height: 15]
Confidence: 0.470253
Masks Instance Points: (0, 0) (0, 112) (249, 112) (249, 108) (250, 107) (250, 101) (251, 100) (251, 95) (252, 94) (252, 79) (253, 78) (253, 64) (254, 63) (254, 58) (255, 57) (255, 55) (256, 54) (257, 54) (257, 25) (255, 25) (254, 24) (252, 24) (251, 23) (247, 23) (246, 22) (242, 22) (241, 21) (238, 21) (237, 20) (231, 20) (230, 19) (219, 19) (218, 18) (212, 18) (211, 17) (207, 17) (206, 16) (190, 16) (189, 15) (176, 15) (175, 14) (165, 14) (164, 13) (136, 13) (135, 12) (121, 12) (120, 11) (114, 11) (113, 10) (109, 10) (108, 9) (106, 9) (105, 8) (102, 8) (101, 7) (96, 7) (95, 6) (93, 6) (92, 5) (82, 5) (81, 6) (77, 6) (76, 5) (68, 5) (67, 4) (60, 4) (59, 3) (51, 3) (50, 2) (49, 2) (48, 3) (23, 3) (22, 2) (20, 2) (19, 1) (19, 0) 
--------------------------
Label: 62
Bounding Box: [x: 0, y: 339, width: 99, height: 15]
Confidence: 0.386436
Masks Instance Points: (195, 0) (195, 1) (201, 1) (201, 0) 
--------------------------
Label: 63
Bounding Box: [x: 1, y: 341, width: 143, height: 15]
Confidence: 0.438306
Masks Instance Points: (192, 0) (192, 1) (195, 1) (196, 2) (201, 2) (202, 1) (202, 0) 
--------------------------
Label: 67
Bounding Box: [x: 310, y: 183, width: 187, height: 15]
Confidence: 0.352691
Masks Instance Points: (85, 0) (85, 1) (82, 4) (81, 4) (80, 5) (79, 5) (77, 7) (76, 7) (75, 8) (74, 8) (72, 10) (71, 10) (69, 12) (68, 12) (66, 14) (65, 14) (63, 16) (62, 16) (61, 17) (59, 17) (57, 19) (56, 19) (55, 20) (54, 20) (53, 21) (52, 21) (51, 22) (50, 22) (49, 23) (48, 23) (47, 24) (45, 24) (44, 25) (42, 25) (40, 27) (39, 27) (38, 28) (37, 28) (36, 29) (35, 29) (34, 30) (33, 30) (32, 31) (31, 31) (30, 32) (28, 32) (27, 33) (26, 33) (25, 34) (24, 34) (22, 36) (21, 36) (19, 38) (18, 38) (17, 39) (16, 39) (15, 40) (14, 40) (12, 42) (11, 42) (11, 43) (9, 45) (9, 48) (8, 49) (8, 54) (7, 55) (7, 56) (6, 57) (6, 59) (4, 61) (4, 62) (3, 63) (3, 65) (1, 67) (0, 67) (0, 115) (2, 115) (3, 116) (4, 116) (5, 117) (7, 117) (8, 118) (9, 118) (10, 119) (15, 119) (16, 120) (28, 120) (29, 121) (34, 121) (35, 122) (37, 122) (38, 123) (40, 123) (41, 124) (43, 124) (44, 125) (47, 125) (48, 126) (50, 126) (51, 127) (53, 127) (54, 128) (57, 128) (58, 129) (64, 129) (65, 130) (67, 130) (68, 131) (70, 131) (71, 132) (74, 132) (75, 133) (81, 133) (82, 134) (119, 134) (120, 133) (123, 133) (124, 132) (126, 132) (127, 131) (128, 131) (129, 130) (130, 130) (131, 129) (133, 129) (134, 128) (136, 128) (137, 127) (138, 127) (139, 126) (141, 126) (142, 125) (143, 125) (144, 124) (148, 124) (149, 123) (150, 123) (151, 122) (152, 122) (153, 121) (157, 121) (158, 120) (162, 120) (163, 119) (167, 119) (168, 118) (184, 118) (185, 117) (187, 117) (188, 116) (190, 116) (191, 115) (192, 115) (192, 114) (194, 112) (194, 111) (195, 110) (195, 108) (196, 107) (196, 100) (197, 99) (197, 95) (198, 94) (199, 94) (199, 29) (197, 29) (195, 27) (194, 27) (192, 25) (190, 25) (189, 24) (187, 24) (186, 23) (184, 23) (183, 22) (181, 22) (180, 21) (178, 21) (177, 20) (173, 20) (172, 19) (170, 19) (169, 18) (168, 18) (167, 17) (165, 17) (164, 16) (162, 16) (161, 15) (157, 15) (156, 14) (154, 14) (153, 13) (150, 13) (149, 12) (145, 12) (144, 11) (142, 11) (141, 10) (140, 10) (139, 9) (138, 9) (137, 8) (134, 8) (133, 7) (131, 7) (130, 6) (129, 6) (128, 5) (126, 5) (125, 4) (122, 4) (121, 3) (119, 3) (117, 1) (117, 0) 
--------------------------
