Label: 0
Bounding Box: [x: 301, y: 29, width: 143, height: 15]
Confidence: 0.570475
Masks Instance Points: (131, 0) (131, 1) (129, 3) (127, 3) (126, 4) (125, 4) (124, 5) (122, 5) (121, 6) (120, 6) (119, 7) (117, 7) (116, 8) (114, 8) (113, 9) (112, 9) (111, 10) (110, 10) (108, 12) (107, 12) (106, 13) (105, 13) (103, 15) (102, 15) (98, 19) (97, 19) (95, 21) (95, 22) (93, 24) (93, 25) (92, 26) (92, 27) (91, 28) (91, 42) (92, 43) (92, 45) (93, 46) (93, 47) (94, 48) (94, 49) (95, 50) (95, 52) (96, 53) (96, 54) (97, 55) (97, 61) (95, 63) (95, 64) (89, 70) (88, 70) (85, 73) (84, 73) (84, 74) (82, 76) (81, 76) (80, 77) (80, 78) (75, 83) (75, 84) (66, 93) (66, 94) (60, 100) (60, 101) (46, 115) (46, 116) (39, 123) (39, 124) (32, 131) (32, 132) (25, 139) (25, 140) (23, 142) (23, 143) (21, 145) (21, 146) (19, 148) (19, 149) (17, 151) (17, 152) (16, 153) (16, 154) (15, 155) (15, 156) (13, 158) (13, 159) (12, 160) (12, 161) (11, 162) (11, 164) (10, 165) (10, 166) (8, 168) (8, 170) (7, 171) (7, 173) (6, 174) (6, 175) (4, 177) (4, 178) (3, 179) (3, 181) (1, 183) (0, 183) (0, 191) (2, 191) (4, 193) (6, 193) (7, 194) (10, 194) (11, 195) (13, 195) (14, 196) (16, 196) (17, 197) (21, 197) (22, 198) (27, 198) (28, 199) (30, 199) (31, 200) (32, 200) (33, 201) (35, 201) (36, 202) (40, 202) (41, 203) (43, 203) (44, 204) (45, 204) (46, 205) (49, 205) (50, 206) (57, 206) (61, 202) (62, 202) (64, 204) (64, 205) (65, 206) (65, 207) (67, 209) (69, 209) (70, 210) (72, 210) (73, 211) (74, 211) (75, 212) (76, 212) (77, 213) (81, 213) (82, 214) (85, 214) (86, 215) (87, 215) (88, 216) (89, 216) (90, 217) (93, 217) (94, 218) (97, 218) (98, 219) (99, 219) (100, 220) (101, 220) (102, 221) (106, 221) (107, 222) (111, 222) (112, 223) (114, 223) (115, 224) (116, 224) (117, 225) (121, 225) (122, 226) (125, 226) (126, 227) (129, 227) (130, 226) (131, 226) (133, 224) (133, 222) (134, 221) (134, 219) (135, 218) (135, 214) (136, 213) (136, 211) (137, 210) (137, 206) (138, 205) (138, 200) (139, 199) (139, 196) (140, 195) (140, 191) (141, 190) (141, 184) (142, 183) (142, 174) (143, 173) (143, 166) (144, 165) (144, 159) (145, 158) (145, 148) (146, 147) (146, 137) (147, 136) (147, 131) (148, 130) (148, 126) (149, 125) (149, 120) (150, 119) (150, 114) (151, 113) (151, 109) (152, 108) (152, 107) (153, 106) (153, 102) (154, 101) (154, 97) (155, 96) (155, 94) (156, 93) (156, 92) (157, 91) (157, 89) (158, 88) (158, 86) (159, 85) (159, 84) (160, 83) (160, 82) (161, 81) (161, 79) (162, 78) (162, 77) (163, 76) (163, 75) (164, 74) (164, 73) (166, 71) (166, 69) (169, 66) (169, 65) (172, 62) (173, 62) (173, 61) (175, 59) (176, 59) (177, 58) (177, 57) (182, 52) (182, 51) (185, 48) (185, 47) (187, 45) (187, 44) (188, 43) (188, 40) (189, 39) (189, 34) (190, 33) (190, 29) (189, 28) (189, 25) (188, 24) (188, 23) (185, 20) (185, 19) (174, 8) (173, 8) (170, 5) (169, 5) (167, 3) (166, 3) (165, 2) (165, 0) 
--------------------------
Label: 0
Bounding Box: [x: 274, y: -7, width: 143, height: 15]
Confidence: 0.472048
Masks Instance Points: (85, 0) (85, 2) (86, 3) (86, 4) (87, 5) (87, 6) (89, 8) (89, 13) (88, 14) (88, 15) (87, 16) (87, 17) (85, 19) (85, 20) (83, 22) (83, 23) (80, 26) (80, 27) (78, 29) (78, 31) (77, 32) (77, 44) (78, 45) (78, 48) (79, 49) (79, 51) (80, 52) (80, 53) (81, 54) (81, 55) (82, 56) (82, 57) (83, 58) (83, 71) (82, 72) (82, 74) (76, 80) (76, 81) (73, 84) (73, 85) (68, 90) (67, 90) (66, 91) (65, 91) (64, 92) (63, 92) (62, 93) (61, 93) (45, 109) (44, 109) (44, 110) (35, 119) (35, 120) (26, 129) (26, 130) (22, 134) (22, 135) (14, 143) (14, 144) (12, 146) (12, 147) (8, 151) (8, 152) (6, 154) (6, 155) (5, 156) (5, 157) (4, 158) (4, 159) (3, 160) (3, 163) (2, 164) (2, 166) (3, 167) (3, 168) (6, 171) (7, 171) (8, 172) (9, 172) (10, 173) (12, 173) (13, 174) (16, 174) (17, 175) (20, 175) (21, 176) (24, 176) (25, 177) (29, 177) (30, 178) (34, 178) (35, 179) (39, 179) (40, 180) (43, 180) (44, 181) (46, 181) (47, 182) (50, 182) (51, 183) (55, 183) (56, 184) (59, 184) (60, 185) (63, 185) (64, 186) (67, 186) (68, 187) (70, 187) (71, 188) (73, 188) (74, 189) (75, 189) (76, 190) (79, 190) (80, 191) (82, 191) (83, 192) (85, 192) (86, 193) (87, 193) (88, 194) (91, 194) (92, 195) (95, 195) (96, 196) (99, 196) (101, 198) (102, 198) (103, 199) (105, 199) (106, 200) (107, 200) (109, 202) (111, 202) (112, 203) (114, 203) (115, 204) (116, 204) (118, 206) (118, 207) (118, 206) (119, 205) (121, 205) (122, 204) (122, 203) (123, 202) (123, 201) (124, 200) (124, 197) (125, 196) (125, 190) (126, 189) (126, 181) (127, 180) (127, 174) (128, 173) (128, 167) (129, 166) (129, 162) (130, 161) (130, 156) (131, 155) (131, 149) (132, 148) (132, 144) (133, 143) (133, 139) (134, 138) (134, 133) (135, 132) (135, 127) (136, 126) (136, 122) (137, 121) (137, 118) (138, 117) (138, 114) (139, 113) (139, 109) (140, 108) (140, 104) (141, 103) (141, 101) (142, 100) (142, 98) (143, 97) (143, 94) (144, 93) (144, 91) (145, 90) (145, 89) (146, 88) (146, 87) (147, 86) (147, 84) (148, 83) (148, 82) (149, 81) (149, 80) (151, 78) (151, 77) (152, 76) (152, 75) (154, 73) (154, 72) (160, 66) (160, 65) (163, 62) (163, 61) (164, 60) (164, 58) (166, 56) (166, 54) (167, 53) (167, 51) (168, 50) (168, 48) (170, 46) (171, 46) (171, 25) (169, 25) (168, 24) (168, 23) (160, 15) (159, 15) (154, 10) (153, 10) (147, 4) (146, 4) (145, 3) (144, 3) (142, 1) (142, 0) 
--------------------------
Label: 0
Bounding Box: [x: 274, y: -11, width: 143, height: 15]
Confidence: 0.585551
Masks Instance Points: (89, 0) (89, 6) (88, 7) (88, 8) (87, 9) (87, 10) (85, 12) (85, 13) (82, 16) (82, 17) (76, 23) (76, 24) (75, 25) (75, 27) (74, 28) (74, 29) (73, 30) (73, 39) (74, 40) (74, 44) (75, 45) (75, 47) (76, 48) (76, 49) (77, 50) (77, 51) (78, 52) (78, 54) (79, 55) (79, 65) (78, 66) (78, 67) (76, 69) (76, 70) (75, 71) (75, 72) (70, 77) (69, 77) (65, 81) (64, 81) (56, 89) (56, 90) (43, 103) (43, 104) (28, 119) (28, 120) (25, 123) (25, 124) (13, 136) (13, 137) (10, 140) (10, 141) (5, 146) (5, 147) (4, 148) (4, 150) (3, 151) (3, 153) (1, 155) (0, 155) (0, 158) (1, 158) (4, 161) (4, 162) (5, 162) (6, 163) (8, 163) (9, 164) (12, 164) (13, 165) (16, 165) (17, 166) (20, 166) (21, 167) (25, 167) (26, 168) (29, 168) (30, 169) (33, 169) (34, 170) (36, 170) (37, 171) (39, 171) (40, 172) (42, 172) (43, 173) (45, 173) (46, 174) (49, 174) (50, 175) (54, 175) (55, 176) (59, 176) (60, 177) (62, 177) (63, 178) (65, 178) (66, 179) (67, 179) (68, 180) (71, 180) (72, 181) (73, 181) (74, 182) (76, 182) (77, 183) (80, 183) (81, 184) (84, 184) (85, 185) (87, 185) (88, 186) (90, 186) (91, 187) (92, 187) (93, 188) (95, 188) (96, 189) (98, 189) (99, 190) (100, 190) (101, 191) (103, 191) (104, 192) (106, 192) (107, 193) (109, 193) (111, 195) (111, 196) (119, 196) (119, 194) (120, 193) (120, 192) (121, 191) (121, 189) (122, 188) (122, 182) (123, 181) (123, 174) (124, 173) (124, 169) (125, 168) (125, 163) (126, 162) (126, 156) (127, 155) (127, 149) (128, 148) (128, 144) (129, 143) (129, 138) (130, 137) (130, 129) (131, 128) (131, 121) (132, 120) (132, 117) (133, 116) (133, 113) (134, 112) (134, 109) (135, 108) (135, 104) (136, 103) (136, 100) (137, 99) (137, 98) (138, 97) (138, 94) (139, 93) (139, 91) (140, 90) (140, 88) (141, 87) (141, 86) (142, 85) (142, 84) (143, 83) (143, 81) (144, 80) (144, 79) (145, 78) (145, 77) (146, 76) (146, 75) (147, 74) (147, 73) (151, 69) (151, 68) (155, 64) (155, 63) (158, 60) (158, 59) (159, 58) (159, 57) (160, 56) (160, 55) (161, 54) (161, 53) (162, 52) (162, 49) (163, 48) (163, 45) (164, 44) (164, 42) (165, 41) (166, 41) (166, 22) (165, 22) (163, 20) (163, 19) (161, 17) (161, 16) (160, 16) (154, 10) (154, 9) (153, 8) (152, 8) (146, 2) (146, 0) 
--------------------------
Label: 0
Bounding Box: [x: 270, y: -14, width: 143, height: 15]
Confidence: 0.32626
Masks Instance Points: (73, 0) (73, 1) (71, 3) (71, 4) (70, 5) (70, 6) (69, 7) (69, 9) (68, 10) (68, 13) (67, 14) (67, 20) (66, 21) (66, 22) (67, 23) (67, 30) (68, 31) (68, 34) (69, 35) (69, 36) (70, 37) (70, 39) (71, 40) (71, 44) (72, 45) (72, 48) (71, 49) (71, 51) (70, 52) (70, 53) (68, 55) (68, 56) (67, 57) (67, 58) (58, 67) (57, 67) (45, 79) (45, 80) (36, 89) (36, 90) (24, 102) (24, 103) (20, 107) (20, 108) (19, 109) (19, 110) (14, 115) (13, 115) (1, 127) (0, 127) (0, 139) (1, 139) (2, 140) (4, 140) (5, 141) (6, 141) (7, 142) (8, 142) (9, 143) (11, 143) (12, 144) (14, 144) (15, 145) (18, 145) (19, 146) (21, 146) (22, 147) (23, 147) (24, 148) (26, 148) (27, 149) (30, 149) (31, 150) (33, 150) (34, 151) (35, 151) (36, 152) (38, 152) (39, 153) (43, 153) (44, 154) (48, 154) (49, 155) (50, 155) (51, 156) (53, 156) (54, 157) (56, 157) (57, 158) (58, 158) (59, 159) (60, 159) (61, 160) (63, 160) (64, 161) (67, 161) (68, 162) (69, 162) (70, 163) (71, 163) (72, 164) (74, 164) (75, 165) (77, 165) (78, 166) (81, 166) (82, 167) (83, 167) (84, 168) (86, 168) (87, 169) (91, 169) (92, 170) (93, 170) (94, 171) (96, 171) (97, 172) (98, 172) (99, 173) (101, 173) (102, 174) (104, 174) (105, 175) (108, 175) (109, 176) (109, 177) (109, 176) (113, 172) (113, 171) (114, 170) (114, 167) (115, 166) (115, 160) (116, 159) (116, 154) (117, 153) (117, 150) (118, 149) (118, 145) (119, 144) (119, 139) (120, 138) (120, 134) (121, 133) (121, 131) (122, 130) (122, 126) (123, 125) (123, 119) (124, 118) (124, 112) (125, 111) (125, 108) (126, 107) (126, 103) (127, 102) (127, 98) (128, 97) (128, 92) (129, 91) (129, 89) (130, 88) (130, 86) (131, 85) (131, 83) (132, 82) (132, 80) (133, 79) (133, 78) (134, 77) (134, 75) (135, 74) (135, 73) (136, 72) (136, 70) (137, 69) (137, 68) (139, 66) (139, 65) (140, 64) (140, 63) (141, 62) (141, 61) (144, 58) (144, 57) (146, 55) (146, 54) (147, 53) (147, 52) (148, 51) (148, 50) (149, 49) (149, 48) (150, 47) (150, 45) (151, 44) (151, 43) (152, 42) (152, 41) (153, 40) (153, 39) (154, 38) (154, 37) (155, 36) (155, 35) (156, 34) (156, 33) (157, 32) (157, 31) (158, 30) (158, 29) (159, 28) (159, 27) (160, 26) (160, 22) (161, 21) (161, 20) (162, 19) (163, 19) (163, 16) (162, 16) (161, 15) (161, 14) (160, 13) (160, 10) (159, 9) (159, 7) (158, 6) (158, 5) (154, 1) (154, 0) 
--------------------------
Label: 0
Bounding Box: [x: 250, y: -14, width: 143, height: 15]
Confidence: 0.260435
Masks Instance Points: (72, 0) (72, 2) (71, 3) (71, 4) (68, 7) (68, 8) (67, 9) (67, 11) (66, 12) (66, 15) (65, 16) (65, 20) (66, 21) (66, 26) (67, 27) (67, 29) (68, 30) (68, 33) (69, 34) (69, 36) (70, 37) (70, 39) (71, 40) (71, 48) (70, 49) (70, 50) (66, 54) (66, 55) (64, 57) (64, 58) (54, 68) (53, 68) (42, 79) (42, 80) (36, 86) (36, 87) (25, 98) (25, 99) (21, 103) (21, 104) (7, 118) (7, 119) (4, 122) (3, 122) (1, 124) (0, 124) (0, 136) (1, 136) (2, 137) (4, 137) (5, 138) (7, 138) (8, 139) (9, 139) (10, 140) (12, 140) (13, 141) (15, 141) (16, 142) (18, 142) (19, 143) (21, 143) (22, 144) (24, 144) (25, 145) (28, 145) (29, 146) (31, 146) (32, 147) (34, 147) (35, 148) (37, 148) (38, 149) (41, 149) (42, 150) (45, 150) (46, 151) (48, 151) (49, 152) (54, 152) (55, 153) (58, 153) (59, 154) (60, 154) (61, 155) (62, 155) (63, 156) (65, 156) (66, 157) (68, 157) (69, 158) (70, 158) (71, 159) (72, 159) (73, 160) (75, 160) (76, 161) (79, 161) (80, 162) (82, 162) (83, 163) (84, 163) (85, 164) (87, 164) (88, 165) (90, 165) (91, 166) (93, 166) (94, 167) (95, 167) (96, 168) (98, 168) (99, 169) (103, 169) (104, 170) (110, 170) (111, 171) (112, 170) (113, 170) (114, 169) (115, 169) (115, 168) (116, 167) (116, 165) (117, 164) (117, 158) (118, 157) (118, 152) (119, 151) (119, 148) (120, 147) (120, 141) (121, 140) (121, 136) (122, 135) (122, 132) (123, 131) (123, 128) (124, 127) (124, 121) (125, 120) (125, 112) (126, 111) (126, 106) (127, 105) (127, 102) (128, 101) (128, 97) (129, 96) (129, 92) (130, 91) (130, 89) (131, 88) (131, 86) (132, 85) (132, 83) (133, 82) (133, 79) (134, 78) (134, 76) (135, 75) (135, 73) (136, 72) (136, 70) (137, 69) (137, 67) (138, 66) (138, 65) (139, 64) (139, 63) (140, 62) (140, 61) (141, 60) (141, 59) (142, 58) (142, 56) (143, 55) (143, 54) (144, 53) (144, 52) (145, 51) (145, 50) (146, 49) (146, 47) (147, 46) (147, 45) (149, 43) (149, 42) (150, 41) (150, 40) (151, 39) (151, 38) (152, 37) (152, 36) (153, 35) (153, 34) (154, 33) (154, 32) (155, 31) (155, 30) (157, 28) (157, 27) (159, 25) (161, 25) (161, 4) (160, 4) (158, 2) (158, 0) 
--------------------------
