Label: 63
Bounding Box: [x: 1, y: 341, width: 143, height: 15]
Confidence: 0.612424
Masks Instance Points: (0, 0) (0, 118) (227, 118) (227, 116) (228, 115) (228, 113) (229, 112) (229, 109) (230, 108) (230, 105) (231, 104) (231, 102) (232, 101) (232, 98) (233, 97) (233, 92) (234, 91) (234, 74) (235, 73) (235, 71) (236, 70) (236, 66) (237, 65) (237, 58) (238, 57) (238, 53) (239, 52) (239, 51) (240, 50) (241, 50) (241, 40) (240, 40) (237, 37) (236, 37) (235, 36) (231, 36) (230, 35) (225, 35) (224, 34) (222, 34) (221, 33) (218, 33) (217, 32) (212, 32) (211, 31) (204, 31) (203, 30) (200, 30) (199, 29) (195, 29) (194, 28) (186, 28) (185, 27) (179, 27) (178, 26) (174, 26) (173, 25) (168, 25) (167, 24) (160, 24) (159, 23) (153, 23) (152, 22) (149, 22) (148, 21) (143, 21) (142, 20) (135, 20) (134, 19) (127, 19) (126, 18) (120, 18) (119, 17) (108, 17) (107, 16) (100, 16) (99, 15) (97, 15) (96, 14) (93, 14) (92, 13) (91, 13) (90, 12) (89, 12) (88, 11) (85, 11) (84, 10) (81, 10) (80, 9) (78, 9) (77, 8) (74, 8) (73, 7) (68, 7) (67, 8) (58, 8) (57, 7) (49, 7) (48, 6) (45, 6) (44, 5) (43, 5) (42, 4) (25, 4) (24, 3) (19, 3) (18, 2) (17, 2) (16, 1) (16, 0) 
--------------------------
Label: 0
Bounding Box: [x: 343, y: -13, width: 143, height: 15]
Confidence: 0.290734
Masks Instance Points: (37, 0) (37, 3) (36, 4) (36, 6) (35, 7) (35, 8) (34, 9) (34, 12) (33, 13) (33, 22) (34, 23) (34, 25) (35, 26) (35, 28) (36, 29) (36, 31) (37, 32) (37, 33) (38, 34) (38, 43) (37, 44) (37, 46) (36, 47) (36, 48) (34, 50) (34, 51) (33, 52) (32, 52) (25, 59) (25, 60) (19, 66) (18, 66) (13, 71) (13, 72) (2, 83) (0, 83) (0, 91) (1, 91) (2, 92) (3, 92) (4, 93) (5, 93) (6, 94) (9, 94) (10, 95) (12, 95) (13, 96) (15, 96) (16, 97) (19, 97) (20, 98) (24, 98) (25, 99) (28, 99) (29, 100) (31, 100) (32, 101) (35, 101) (36, 102) (39, 102) (40, 103) (41, 103) (42, 104) (43, 104) (44, 105) (46, 105) (47, 106) (49, 106) (50, 107) (53, 107) (54, 108) (55, 108) (56, 109) (59, 109) (60, 110) (63, 110) (64, 111) (66, 111) (68, 113) (68, 114) (88, 114) (88, 110) (89, 109) (89, 102) (90, 101) (90, 92) (91, 91) (91, 87) (92, 86) (92, 83) (93, 82) (93, 78) (94, 77) (94, 72) (95, 71) (95, 68) (96, 67) (96, 65) (97, 64) (97, 61) (98, 60) (98, 57) (99, 56) (99, 54) (100, 53) (100, 52) (101, 51) (101, 50) (102, 49) (102, 48) (103, 47) (103, 46) (105, 44) (105, 43) (107, 41) (107, 40) (109, 38) (109, 36) (110, 35) (110, 34) (111, 33) (111, 32) (113, 30) (113, 29) (115, 27) (115, 26) (117, 24) (117, 23) (118, 22) (118, 21) (122, 17) (122, 16) (124, 14) (125, 14) (126, 13) (127, 13) (128, 12) (130, 12) (130, 0) 
--------------------------
Label: 0
Bounding Box: [x: 353, y: -14, width: 143, height: 15]
Confidence: 0.394793
Masks Instance Points: (210, 93) (209, 94) (207, 94) (206, 95) (204, 95) (203, 96) (202, 96) (201, 97) (201, 98) (203, 100) (203, 101) (204, 101) (208, 105) (218, 105) (220, 103) (224, 103) (227, 100) (228, 100) (229, 99) (230, 99) (231, 98) (232, 98) (233, 97) (239, 97) (231, 97) (230, 96) (228, 96) (227, 95) (226, 95) (225, 94) (217, 94) (216, 93) 
--------------------------
Label: 63
Bounding Box: [x: 0, y: 372, width: 143, height: 15]
Confidence: 0.559345
Masks Instance Points: (0, 0) (0, 88) (198, 88) (198, 86) (199, 85) (199, 84) (200, 83) (200, 80) (201, 79) (201, 71) (202, 70) (202, 67) (203, 66) (203, 64) (204, 63) (204, 61) (205, 60) (205, 53) (206, 52) (206, 48) (208, 46) (209, 46) (209, 38) (207, 38) (206, 37) (205, 37) (204, 36) (202, 36) (201, 35) (200, 35) (199, 34) (198, 34) (197, 33) (193, 33) (192, 32) (186, 32) (185, 31) (182, 31) (181, 30) (179, 30) (178, 29) (174, 29) (173, 28) (164, 28) (163, 27) (158, 27) (157, 26) (154, 26) (153, 25) (149, 25) (148, 24) (142, 24) (141, 23) (137, 23) (136, 22) (133, 22) (132, 21) (128, 21) (127, 20) (122, 20) (121, 19) (117, 19) (116, 18) (112, 18) (111, 17) (104, 17) (103, 16) (94, 16) (93, 15) (87, 15) (86, 14) (81, 14) (80, 13) (74, 13) (73, 12) (68, 12) (67, 11) (64, 11) (63, 10) (61, 10) (60, 9) (57, 9) (56, 8) (51, 8) (50, 7) (45, 7) (44, 6) (43, 6) (42, 5) (40, 5) (39, 4) (37, 4) (36, 3) (33, 3) (32, 2) (28, 2) (27, 1) (27, 0) 
--------------------------
Label: 0
Bounding Box: [x: 344, y: -14, width: 143, height: 15]
Confidence: 0.353409
Masks Instance Points: (37, 0) (37, 2) (36, 3) (36, 5) (35, 6) (35, 7) (34, 8) (34, 9) (33, 10) (33, 12) (32, 13) (32, 25) (33, 26) (33, 28) (34, 29) (34, 31) (35, 32) (35, 34) (36, 35) (36, 42) (35, 43) (35, 45) (24, 56) (24, 57) (16, 65) (16, 66) (12, 70) (12, 71) (1, 82) (0, 82) (0, 92) (2, 92) (3, 93) (5, 93) (6, 94) (8, 94) (9, 95) (10, 95) (11, 96) (15, 96) (16, 97) (19, 97) (20, 98) (21, 98) (22, 99) (25, 99) (26, 100) (30, 100) (31, 101) (34, 101) (35, 102) (36, 102) (37, 103) (40, 103) (41, 104) (44, 104) (45, 105) (47, 105) (48, 106) (49, 106) (50, 107) (52, 107) (53, 108) (56, 108) (57, 109) (59, 109) (60, 110) (62, 110) (63, 111) (65, 111) (66, 112) (70, 112) (71, 113) (74, 113) (76, 115) (76, 116) (81, 116) (81, 115) (84, 112) (84, 111) (85, 110) (85, 108) (86, 107) (86, 97) (87, 96) (87, 88) (88, 87) (88, 84) (89, 83) (89, 80) (90, 79) (90, 75) (91, 74) (91, 69) (92, 68) (92, 66) (93, 65) (93, 63) (94, 62) (94, 59) (95, 58) (95, 55) (96, 54) (96, 53) (97, 52) (97, 51) (98, 50) (98, 49) (99, 48) (99, 47) (101, 45) (101, 44) (104, 41) (104, 40) (106, 38) (106, 36) (107, 35) (107, 34) (109, 32) (109, 31) (110, 30) (110, 29) (111, 28) (111, 27) (113, 25) (113, 24) (114, 23) (114, 21) (115, 20) (115, 18) (116, 17) (116, 15) (117, 14) (117, 13) (119, 11) (119, 10) (124, 5) (126, 5) (126, 0) 
--------------------------
Label: 0
Bounding Box: [x: 349, y: -14, width: 143, height: 15]
Confidence: 0.46301
Masks Instance Points: (217, 95) (216, 96) (216, 104) (217, 105) (217, 106) (221, 106) (222, 105) (226, 105) (227, 104) (228, 104) (229, 103) (229, 100) (230, 99) (230, 98) (228, 96) (225, 96) (224, 95) 
--------------------------
Label: 63
Bounding Box: [x: 0, y: 371, width: 143, height: 15]
Confidence: 0.664741
Masks Instance Points: (0, 0) (0, 89) (197, 89) (197, 87) (198, 86) (198, 84) (199, 83) (199, 76) (200, 75) (200, 71) (201, 70) (201, 69) (202, 68) (202, 65) (203, 64) (203, 56) (204, 55) (204, 51) (206, 49) (207, 49) (207, 38) (206, 38) (205, 37) (204, 37) (203, 36) (202, 36) (201, 35) (200, 35) (199, 34) (197, 34) (196, 33) (191, 33) (190, 32) (186, 32) (185, 31) (183, 31) (182, 30) (179, 30) (178, 29) (172, 29) (171, 28) (163, 28) (162, 27) (158, 27) (157, 26) (155, 26) (154, 25) (150, 25) (149, 24) (143, 24) (142, 23) (139, 23) (138, 22) (136, 22) (135, 21) (131, 21) (130, 20) (125, 20) (124, 19) (118, 19) (117, 18) (111, 18) (110, 17) (104, 17) (103, 16) (97, 16) (96, 15) (91, 15) (90, 14) (87, 14) (86, 13) (81, 13) (80, 12) (73, 12) (72, 11) (66, 11) (65, 10) (62, 10) (61, 9) (57, 9) (56, 8) (51, 8) (50, 7) (45, 7) (44, 6) (43, 6) (42, 5) (40, 5) (39, 4) (35, 4) (34, 3) (31, 3) (29, 1) (29, 0) 
--------------------------
Label: 0
Bounding Box: [x: 341, y: -13, width: 143, height: 15]
Confidence: 0.384116
Masks Instance Points: (38, 0) (38, 1) (37, 2) (37, 4) (36, 5) (36, 6) (35, 7) (35, 9) (34, 10) (34, 26) (35, 27) (35, 31) (36, 32) (36, 34) (37, 35) (37, 40) (36, 41) (36, 42) (35, 43) (35, 44) (32, 47) (32, 48) (27, 53) (27, 54) (20, 61) (20, 62) (16, 66) (16, 67) (11, 72) (11, 73) (2, 82) (0, 82) (0, 90) (1, 90) (2, 91) (4, 91) (5, 92) (7, 92) (8, 93) (10, 93) (11, 94) (12, 94) (13, 95) (16, 95) (17, 96) (21, 96) (22, 97) (23, 97) (24, 98) (26, 98) (27, 99) (32, 99) (33, 100) (36, 100) (37, 101) (38, 101) (39, 102) (40, 102) (41, 103) (43, 103) (44, 104) (46, 104) (47, 105) (49, 105) (50, 106) (51, 106) (52, 107) (55, 107) (56, 108) (59, 108) (60, 109) (61, 109) (62, 110) (64, 110) (65, 111) (69, 111) (70, 112) (72, 112) (73, 113) (74, 113) (75, 114) (75, 115) (82, 115) (82, 113) (83, 112) (84, 112) (84, 111) (85, 110) (85, 106) (86, 105) (86, 98) (87, 97) (87, 91) (88, 90) (88, 87) (89, 86) (89, 81) (90, 80) (90, 75) (91, 74) (91, 71) (92, 70) (92, 67) (93, 66) (93, 63) (94, 62) (94, 59) (95, 58) (95, 56) (96, 55) (96, 53) (97, 52) (97, 50) (98, 49) (98, 47) (99, 46) (99, 45) (101, 43) (101, 42) (105, 38) (105, 37) (106, 36) (106, 35) (108, 33) (108, 32) (109, 31) (109, 29) (110, 28) (110, 27) (112, 25) (112, 24) (113, 23) (113, 22) (114, 21) (114, 20) (117, 17) (117, 16) (118, 15) (118, 14) (119, 13) (120, 13) (121, 12) (123, 12) (127, 8) (128, 8) (128, 0) 
--------------------------
Label: 0
Bounding Box: [x: 347, y: -14, width: 143, height: 15]
Confidence: 0.338554
Masks Instance Points: (213, 96) (213, 97) (215, 97) (215, 96) 
--------------------------
Label: 63
Bounding Box: [x: 0, y: 376, width: 143, height: 15]
Confidence: 0.627846
Masks Instance Points: (0, 0) (0, 84) (195, 84) (195, 78) (196, 77) (196, 72) (197, 71) (197, 70) (198, 69) (198, 66) (199, 65) (199, 58) (200, 57) (200, 55) (202, 53) (203, 53) (203, 34) (201, 34) (200, 33) (198, 33) (197, 32) (192, 32) (191, 31) (189, 31) (188, 30) (187, 30) (186, 29) (183, 29) (182, 28) (176, 28) (175, 27) (170, 27) (169, 26) (167, 26) (166, 25) (161, 25) (160, 24) (153, 24) (152, 23) (146, 23) (145, 22) (143, 22) (142, 21) (138, 21) (137, 20) (132, 20) (131, 19) (126, 19) (125, 18) (123, 18) (122, 17) (118, 17) (117, 16) (112, 16) (111, 15) (105, 15) (104, 14) (100, 14) (99, 13) (90, 13) (89, 12) (81, 12) (80, 11) (76, 11) (75, 10) (72, 10) (71, 9) (66, 9) (65, 8) (60, 8) (59, 7) (56, 7) (55, 6) (52, 6) (51, 5) (48, 5) (47, 4) (43, 4) (42, 3) (37, 3) (35, 1) (35, 0) 
--------------------------
Label: 0
Bounding Box: [x: 338, y: -13, width: 143, height: 15]
Confidence: 0.569831
Masks Instance Points: (49, 0) (49, 2) (48, 3) (48, 4) (44, 8) (43, 8) (34, 17) (34, 18) (33, 19) (33, 21) (32, 22) (32, 33) (33, 34) (33, 37) (34, 38) (34, 39) (35, 40) (35, 43) (36, 44) (36, 48) (35, 49) (35, 50) (34, 51) (34, 52) (33, 53) (33, 54) (19, 68) (19, 69) (18, 70) (17, 70) (17, 71) (15, 73) (15, 74) (14, 75) (13, 75) (13, 76) (7, 82) (7, 83) (1, 89) (0, 89) (0, 99) (2, 99) (3, 100) (5, 100) (6, 101) (9, 101) (10, 102) (11, 102) (12, 103) (14, 103) (15, 104) (17, 104) (18, 105) (21, 105) (22, 106) (24, 106) (25, 107) (27, 107) (28, 108) (32, 108) (33, 109) (35, 109) (36, 110) (38, 110) (39, 111) (41, 111) (42, 112) (45, 112) (46, 113) (48, 113) (49, 114) (51, 114) (52, 115) (54, 115) (55, 116) (58, 116) (59, 117) (61, 117) (62, 118) (64, 118) (65, 119) (66, 119) (67, 120) (72, 120) (73, 121) (77, 121) (78, 122) (80, 122) (81, 121) (82, 121) (84, 119) (84, 118) (85, 117) (85, 109) (86, 108) (86, 104) (87, 103) (87, 100) (88, 99) (88, 95) (89, 94) (89, 89) (90, 88) (90, 84) (91, 83) (91, 81) (92, 80) (92, 78) (93, 77) (93, 74) (94, 73) (94, 70) (95, 69) (95, 68) (96, 67) (96, 66) (97, 65) (97, 63) (98, 62) (98, 60) (100, 58) (100, 57) (102, 55) (102, 54) (104, 52) (104, 51) (106, 49) (106, 47) (107, 46) (107, 45) (109, 43) (109, 42) (110, 41) (110, 40) (111, 39) (111, 38) (112, 37) (112, 36) (113, 35) (113, 34) (114, 33) (114, 30) (115, 29) (115, 28) (118, 25) (118, 24) (121, 21) (124, 21) (128, 17) (129, 17) (131, 15) (132, 15) (133, 14) (134, 14) (135, 13) (138, 13) (138, 0) 
--------------------------
Label: 63
Bounding Box: [x: 0, y: 379, width: 143, height: 15]
Confidence: 0.532345
Masks Instance Points: (0, 0) (0, 81) (188, 81) (188, 77) (189, 76) (189, 73) (190, 72) (190, 71) (191, 70) (191, 68) (192, 67) (192, 61) (193, 60) (193, 57) (195, 55) (196, 55) (196, 35) (194, 35) (193, 34) (192, 34) (191, 33) (187, 33) (186, 32) (183, 32) (182, 31) (180, 31) (179, 30) (176, 30) (175, 29) (169, 29) (168, 28) (162, 28) (161, 27) (160, 27) (159, 26) (157, 26) (156, 25) (152, 25) (151, 24) (145, 24) (144, 23) (140, 23) (139, 22) (137, 22) (136, 21) (130, 21) (129, 20) (121, 20) (120, 19) (116, 19) (115, 18) (112, 18) (111, 17) (106, 17) (105, 16) (100, 16) (99, 15) (96, 15) (95, 14) (91, 14) (90, 13) (85, 13) (84, 12) (75, 12) (74, 11) (70, 11) (69, 10) (63, 10) (62, 9) (54, 9) (53, 8) (49, 8) (48, 7) (46, 7) (45, 6) (44, 6) (43, 5) (40, 5) (39, 4) (37, 4) (36, 3) (35, 3) (33, 1) (33, 0) 
--------------------------
Label: 0
Bounding Box: [x: 336, y: -13, width: 143, height: 15]
Confidence: 0.489193
Masks Instance Points: (51, 0) (51, 1) (50, 2) (50, 3) (42, 11) (41, 11) (40, 12) (40, 13) (36, 17) (36, 19) (35, 20) (35, 24) (34, 25) (34, 30) (35, 31) (35, 35) (36, 36) (36, 39) (37, 40) (37, 43) (38, 44) (38, 48) (37, 49) (37, 50) (36, 51) (36, 53) (29, 60) (29, 61) (19, 71) (19, 72) (13, 78) (13, 79) (8, 84) (8, 85) (3, 90) (3, 91) (2, 92) (2, 94) (1, 95) (0, 95) (2, 95) (6, 99) (7, 99) (8, 100) (10, 100) (11, 101) (14, 101) (15, 102) (16, 102) (17, 103) (19, 103) (20, 104) (22, 104) (23, 105) (26, 105) (27, 106) (28, 106) (29, 107) (32, 107) (33, 108) (36, 108) (37, 109) (38, 109) (39, 110) (41, 110) (42, 111) (44, 111) (45, 112) (48, 112) (49, 113) (51, 113) (52, 114) (53, 114) (54, 115) (56, 115) (57, 116) (60, 116) (61, 117) (63, 117) (64, 118) (66, 118) (67, 119) (69, 119) (70, 120) (74, 120) (75, 121) (79, 121) (80, 122) (81, 122) (82, 121) (83, 121) (85, 119) (85, 118) (86, 117) (86, 113) (87, 112) (87, 105) (88, 104) (88, 97) (89, 96) (89, 93) (90, 92) (90, 89) (91, 88) (91, 84) (92, 83) (92, 80) (93, 79) (93, 77) (94, 76) (94, 74) (95, 73) (95, 71) (96, 70) (96, 67) (97, 66) (97, 64) (98, 63) (98, 62) (99, 61) (99, 60) (100, 59) (100, 58) (101, 57) (101, 56) (104, 53) (104, 52) (106, 50) (106, 49) (107, 48) (107, 47) (108, 46) (108, 44) (110, 42) (110, 41) (111, 40) (111, 38) (112, 37) (112, 35) (113, 34) (113, 33) (114, 32) (114, 29) (115, 28) (115, 25) (116, 24) (116, 21) (117, 20) (117, 19) (119, 17) (119, 14) (120, 13) (120, 9) (122, 7) (123, 7) (123, 0) 
--------------------------
Label: 63
Bounding Box: [x: 0, y: 382, width: 143, height: 15]
Confidence: 0.397782
Masks Instance Points: (0, 0) (0, 78) (185, 78) (185, 76) (186, 75) (186, 71) (187, 70) (187, 66) (188, 65) (188, 64) (189, 63) (189, 61) (190, 60) (190, 55) (191, 54) (191, 51) (193, 49) (194, 49) (194, 34) (192, 34) (191, 33) (190, 33) (189, 32) (186, 32) (185, 31) (181, 31) (180, 30) (178, 30) (177, 29) (174, 29) (173, 28) (167, 28) (166, 27) (160, 27) (159, 26) (157, 26) (156, 25) (154, 25) (153, 24) (148, 24) (147, 23) (141, 23) (140, 22) (137, 22) (136, 21) (133, 21) (132, 20) (125, 20) (124, 19) (117, 19) (116, 18) (113, 18) (112, 17) (108, 17) (107, 16) (101, 16) (100, 15) (95, 15) (94, 14) (92, 14) (91, 13) (86, 13) (85, 12) (74, 12) (73, 11) (55, 11) (54, 10) (51, 10) (50, 11) (49, 11) (48, 10) (47, 10) (46, 9) (43, 9) (42, 8) (41, 8) (40, 7) (39, 7) (37, 5) (36, 5) (32, 1) (32, 0) 
--------------------------
