Label: 0
Bounding Box: [x: 307, y: 29, width: 143, height: 15]
Confidence: 0.450035
Masks Instance Points: (120, 0) (120, 1) (119, 2) (118, 2) (117, 3) (115, 3) (114, 4) (113, 4) (112, 5) (111, 5) (109, 7) (108, 7) (106, 9) (105, 9) (102, 12) (101, 12) (98, 15) (97, 15) (93, 19) (92, 19) (89, 22) (89, 23) (88, 24) (88, 25) (87, 26) (87, 28) (86, 29) (86, 40) (87, 41) (87, 44) (88, 45) (88, 47) (90, 49) (90, 50) (91, 51) (91, 53) (92, 54) (92, 61) (91, 62) (91, 63) (88, 66) (88, 67) (83, 72) (82, 72) (80, 74) (79, 74) (79, 75) (69, 85) (69, 86) (66, 89) (65, 89) (64, 90) (64, 91) (57, 98) (57, 99) (47, 109) (47, 110) (33, 124) (33, 125) (28, 130) (28, 131) (20, 139) (20, 140) (18, 142) (18, 143) (16, 145) (16, 146) (15, 147) (15, 148) (12, 151) (12, 152) (9, 155) (9, 156) (8, 157) (8, 158) (7, 159) (7, 161) (5, 163) (5, 164) (4, 165) (4, 166) (3, 167) (3, 168) (1, 170) (0, 170) (0, 187) (1, 187) (2, 188) (4, 188) (5, 189) (7, 189) (8, 190) (9, 190) (10, 191) (15, 191) (16, 192) (20, 192) (21, 193) (23, 193) (24, 194) (25, 194) (26, 195) (28, 195) (29, 196) (32, 196) (33, 197) (34, 197) (35, 198) (36, 198) (37, 199) (41, 199) (42, 200) (46, 200) (47, 201) (49, 201) (50, 202) (58, 202) (59, 203) (61, 203) (62, 204) (63, 204) (64, 205) (65, 205) (66, 206) (67, 206) (68, 207) (71, 207) (72, 208) (76, 208) (77, 209) (79, 209) (80, 210) (81, 210) (82, 211) (85, 211) (86, 212) (88, 212) (89, 213) (90, 213) (91, 214) (93, 214) (94, 215) (97, 215) (98, 216) (102, 216) (103, 217) (104, 217) (105, 218) (106, 218) (107, 219) (110, 219) (111, 220) (115, 220) (116, 221) (117, 221) (119, 223) (119, 224) (127, 224) (127, 222) (129, 220) (129, 219) (130, 218) (130, 214) (131, 213) (131, 209) (132, 208) (132, 206) (133, 205) (133, 202) (134, 201) (134, 195) (135, 194) (135, 189) (136, 188) (136, 185) (137, 184) (137, 179) (138, 178) (138, 168) (139, 167) (139, 154) (140, 153) (140, 147) (141, 146) (141, 141) (142, 140) (142, 131) (143, 130) (143, 124) (144, 123) (144, 120) (145, 119) (145, 117) (146, 116) (146, 111) (147, 110) (147, 106) (148, 105) (148, 103) (149, 102) (149, 100) (150, 99) (150, 96) (151, 95) (151, 92) (152, 91) (152, 90) (153, 89) (153, 88) (154, 87) (154, 85) (155, 84) (155, 82) (156, 81) (156, 80) (157, 79) (157, 78) (158, 77) (158, 76) (159, 75) (159, 74) (160, 73) (160, 72) (162, 70) (162, 69) (164, 67) (164, 66) (174, 56) (174, 55) (175, 54) (175, 53) (180, 48) (180, 47) (181, 46) (181, 45) (182, 44) (182, 42) (183, 41) (183, 40) (184, 39) (184, 37) (185, 36) (185, 25) (183, 23) (183, 22) (179, 18) (179, 17) (177, 15) (176, 15) (168, 7) (167, 7) (161, 1) (161, 0) 
--------------------------
Label: 66
Bounding Box: [x: 1, y: 349, width: 165, height: 15]
Confidence: 0.30492
Masks Instance Points: (331, 41) (330, 42) (329, 42) (328, 43) (326, 43) (325, 44) (325, 45) (326, 46) (327, 46) (332, 51) (336, 51) (338, 49) (339, 49) (343, 45) (341, 45) (340, 44) (338, 44) (337, 43) (336, 43) (335, 42) (333, 42) (332, 41) 
--------------------------
Label: 0
Bounding Box: [x: 302, y: 26, width: 143, height: 15]
Confidence: 0.495252
Masks Instance Points: (134, 0) (134, 1) (133, 2) (132, 2) (131, 3) (128, 3) (127, 4) (123, 4) (122, 5) (120, 5) (119, 6) (118, 6) (116, 8) (114, 8) (113, 9) (112, 9) (110, 11) (108, 11) (107, 12) (106, 12) (105, 13) (104, 13) (101, 16) (100, 16) (96, 20) (95, 20) (95, 21) (91, 25) (91, 26) (90, 27) (90, 28) (89, 29) (89, 41) (90, 42) (90, 45) (91, 46) (91, 47) (93, 49) (93, 51) (94, 52) (94, 53) (95, 54) (95, 56) (96, 57) (96, 59) (95, 60) (95, 62) (94, 63) (94, 64) (90, 68) (89, 68) (80, 77) (79, 77) (79, 78) (74, 83) (74, 84) (70, 88) (70, 89) (68, 91) (67, 91) (64, 94) (64, 95) (54, 105) (54, 106) (53, 107) (52, 107) (48, 111) (48, 112) (46, 114) (46, 115) (43, 118) (43, 119) (39, 123) (39, 124) (31, 132) (31, 133) (28, 136) (28, 137) (23, 142) (23, 143) (21, 145) (21, 146) (19, 148) (19, 149) (17, 151) (17, 152) (16, 153) (16, 154) (15, 155) (15, 156) (12, 159) (12, 160) (11, 161) (11, 162) (10, 163) (10, 164) (9, 165) (9, 167) (8, 168) (8, 170) (7, 171) (7, 173) (6, 174) (6, 175) (4, 177) (4, 178) (3, 179) (3, 181) (2, 182) (2, 183) (1, 184) (0, 184) (0, 185) (2, 185) (3, 186) (3, 187) (5, 189) (6, 189) (7, 190) (9, 190) (10, 191) (12, 191) (13, 192) (14, 192) (15, 193) (18, 193) (19, 194) (23, 194) (24, 195) (27, 195) (28, 196) (30, 196) (31, 197) (33, 197) (34, 198) (36, 198) (37, 199) (39, 199) (40, 200) (41, 200) (42, 201) (45, 201) (46, 202) (50, 202) (51, 203) (54, 203) (55, 204) (58, 204) (59, 205) (63, 205) (64, 206) (68, 206) (69, 207) (70, 207) (71, 208) (72, 208) (73, 209) (76, 209) (77, 210) (80, 210) (81, 211) (84, 211) (85, 212) (86, 212) (87, 213) (90, 213) (91, 214) (94, 214) (95, 215) (96, 215) (97, 216) (98, 216) (99, 217) (102, 217) (103, 218) (107, 218) (108, 219) (110, 219) (111, 220) (112, 220) (113, 221) (115, 221) (116, 222) (120, 222) (121, 223) (123, 223) (124, 224) (125, 224) (126, 225) (126, 226) (128, 226) (128, 225) (130, 223) (131, 223) (132, 222) (132, 221) (133, 220) (133, 217) (134, 216) (134, 212) (135, 211) (135, 209) (136, 208) (136, 205) (137, 204) (137, 198) (138, 197) (138, 192) (139, 191) (139, 188) (140, 187) (140, 178) (141, 177) (141, 165) (142, 164) (142, 157) (143, 156) (143, 151) (144, 150) (144, 143) (145, 142) (145, 132) (146, 131) (146, 125) (147, 124) (147, 120) (148, 119) (148, 115) (149, 114) (149, 109) (150, 108) (150, 105) (151, 104) (151, 103) (152, 102) (152, 99) (153, 98) (153, 94) (154, 93) (154, 91) (155, 90) (155, 89) (156, 88) (156, 87) (157, 86) (157, 84) (158, 83) (158, 82) (159, 81) (159, 80) (160, 79) (160, 78) (161, 77) (161, 76) (162, 75) (162, 74) (164, 72) (164, 71) (165, 70) (165, 69) (169, 65) (169, 64) (171, 62) (172, 62) (172, 61) (181, 52) (181, 51) (184, 48) (184, 47) (185, 46) (185, 44) (186, 43) (186, 42) (187, 41) (187, 27) (186, 26) (186, 25) (184, 23) (184, 22) (173, 11) (172, 11) (166, 5) (165, 5) (164, 4) (163, 4) (162, 3) (161, 3) (160, 2) (160, 0) 
--------------------------
Label: 0
Bounding Box: [x: 303, y: 26, width: 143, height: 15]
Confidence: 0.473057
Masks Instance Points: (132, 0) (132, 1) (130, 3) (127, 3) (126, 4) (123, 4) (122, 5) (120, 5) (119, 6) (118, 6) (117, 7) (116, 7) (114, 9) (113, 9) (112, 10) (110, 10) (109, 11) (108, 11) (107, 12) (106, 12) (105, 13) (104, 13) (103, 14) (102, 14) (100, 16) (99, 16) (96, 19) (95, 19) (90, 24) (90, 25) (88, 27) (88, 28) (87, 29) (87, 42) (88, 43) (88, 45) (89, 46) (89, 47) (90, 48) (90, 49) (91, 50) (91, 51) (92, 52) (92, 54) (93, 55) (93, 56) (94, 57) (94, 60) (93, 61) (93, 62) (92, 63) (92, 64) (91, 65) (91, 66) (90, 67) (89, 67) (80, 76) (79, 76) (74, 81) (74, 82) (71, 85) (71, 86) (60, 97) (60, 98) (45, 113) (45, 114) (40, 119) (40, 120) (35, 125) (35, 126) (28, 133) (28, 134) (24, 138) (24, 139) (20, 143) (20, 144) (17, 147) (17, 148) (15, 150) (15, 151) (14, 152) (14, 153) (12, 155) (12, 156) (11, 157) (11, 158) (9, 160) (9, 161) (8, 162) (8, 163) (7, 164) (7, 165) (6, 166) (6, 167) (5, 168) (5, 169) (4, 170) (4, 172) (3, 173) (3, 175) (1, 177) (0, 177) (0, 190) (2, 190) (3, 191) (6, 191) (7, 192) (8, 192) (9, 193) (11, 193) (12, 194) (14, 194) (15, 195) (20, 195) (21, 196) (24, 196) (25, 197) (26, 197) (27, 198) (30, 198) (31, 199) (33, 199) (34, 200) (35, 200) (36, 201) (38, 201) (39, 202) (42, 202) (43, 203) (47, 203) (48, 204) (51, 204) (52, 205) (56, 205) (57, 206) (61, 206) (62, 207) (65, 207) (66, 208) (67, 208) (68, 209) (69, 209) (70, 210) (74, 210) (75, 211) (78, 211) (79, 212) (81, 212) (82, 213) (83, 213) (84, 214) (87, 214) (88, 215) (91, 215) (92, 216) (93, 216) (94, 217) (95, 217) (96, 218) (99, 218) (100, 219) (104, 219) (105, 220) (107, 220) (108, 221) (109, 221) (110, 222) (112, 222) (113, 223) (118, 223) (119, 224) (120, 224) (121, 225) (122, 225) (123, 226) (123, 227) (128, 227) (128, 226) (130, 224) (130, 223) (131, 222) (131, 219) (132, 218) (132, 216) (133, 215) (133, 213) (134, 212) (134, 209) (135, 208) (135, 202) (136, 201) (136, 197) (137, 196) (137, 194) (138, 193) (138, 188) (139, 187) (139, 176) (140, 175) (140, 166) (141, 165) (141, 159) (142, 158) (142, 151) (143, 150) (143, 141) (144, 140) (144, 132) (145, 131) (145, 127) (146, 126) (146, 121) (147, 120) (147, 115) (148, 114) (148, 111) (149, 110) (149, 107) (150, 106) (150, 104) (151, 103) (151, 99) (152, 98) (152, 95) (153, 94) (153, 93) (154, 92) (154, 91) (155, 90) (155, 88) (156, 87) (156, 85) (157, 84) (157, 83) (159, 81) (159, 79) (160, 78) (160, 77) (162, 75) (162, 74) (163, 73) (163, 72) (166, 69) (166, 68) (168, 66) (168, 65) (169, 64) (170, 64) (172, 62) (172, 61) (174, 59) (175, 59) (175, 58) (180, 53) (180, 52) (183, 49) (183, 48) (185, 46) (185, 44) (186, 43) (186, 40) (187, 39) (187, 29) (186, 28) (186, 26) (184, 24) (184, 23) (170, 9) (169, 9) (165, 5) (164, 5) (163, 4) (162, 4) (159, 1) (159, 0) 
--------------------------
Label: 66
Bounding Box: [x: 1, y: 349, width: 165, height: 15]
Confidence: 0.271624
Masks Instance Points: (333, 44) (332, 45) (334, 47) (334, 48) (335, 49) (336, 48) (337, 48) (340, 45) (339, 45) (338, 44) 
--------------------------
Label: 0
Bounding Box: [x: 302, y: 27, width: 143, height: 15]
Confidence: 0.554178
Masks Instance Points: (140, 0) (140, 1) (139, 2) (137, 2) (136, 3) (131, 3) (130, 4) (126, 4) (125, 5) (123, 5) (122, 6) (120, 6) (119, 7) (118, 7) (117, 8) (116, 8) (115, 9) (113, 9) (112, 10) (111, 10) (110, 11) (109, 11) (108, 12) (107, 12) (105, 14) (104, 14) (100, 18) (99, 18) (97, 20) (96, 20) (95, 21) (95, 22) (92, 25) (92, 26) (90, 28) (90, 31) (89, 32) (89, 42) (90, 43) (90, 45) (91, 46) (91, 48) (93, 50) (93, 51) (94, 52) (94, 54) (95, 55) (95, 58) (96, 59) (96, 60) (95, 61) (95, 63) (94, 64) (94, 65) (92, 67) (91, 67) (84, 74) (83, 74) (75, 82) (75, 83) (71, 87) (71, 88) (69, 90) (68, 90) (63, 95) (63, 96) (50, 109) (50, 110) (45, 115) (45, 116) (38, 123) (38, 124) (31, 131) (31, 132) (27, 136) (27, 137) (23, 141) (23, 142) (20, 145) (20, 146) (19, 147) (19, 148) (17, 150) (17, 151) (16, 152) (16, 153) (15, 154) (15, 155) (12, 158) (12, 159) (11, 160) (11, 161) (10, 162) (10, 163) (9, 164) (9, 166) (8, 167) (8, 168) (7, 169) (7, 171) (6, 172) (6, 173) (5, 174) (5, 175) (3, 177) (3, 179) (2, 180) (2, 182) (1, 183) (0, 183) (0, 186) (2, 186) (4, 188) (5, 188) (6, 189) (7, 189) (8, 190) (9, 190) (10, 191) (13, 191) (14, 192) (18, 192) (19, 193) (21, 193) (22, 194) (24, 194) (25, 195) (27, 195) (28, 196) (30, 196) (31, 197) (32, 197) (33, 198) (36, 198) (37, 199) (41, 199) (42, 200) (44, 200) (45, 201) (46, 201) (47, 202) (49, 202) (50, 203) (63, 203) (64, 204) (65, 204) (67, 206) (70, 206) (71, 207) (74, 207) (75, 208) (77, 208) (78, 209) (79, 209) (80, 210) (82, 210) (83, 211) (86, 211) (87, 212) (89, 212) (90, 213) (91, 213) (92, 214) (95, 214) (96, 215) (100, 215) (101, 216) (102, 216) (103, 217) (104, 217) (105, 218) (108, 218) (109, 219) (112, 219) (113, 220) (115, 220) (116, 221) (117, 221) (118, 222) (122, 222) (123, 223) (128, 223) (129, 222) (130, 222) (132, 220) (132, 218) (133, 217) (133, 213) (134, 212) (134, 209) (135, 208) (135, 206) (136, 205) (136, 202) (137, 201) (137, 196) (138, 195) (138, 190) (139, 189) (139, 185) (140, 184) (140, 176) (141, 175) (141, 163) (142, 162) (142, 155) (143, 154) (143, 149) (144, 148) (144, 142) (145, 141) (145, 132) (146, 131) (146, 124) (147, 123) (147, 119) (148, 118) (148, 114) (149, 113) (149, 108) (150, 107) (150, 104) (151, 103) (151, 101) (152, 100) (152, 98) (153, 97) (153, 94) (154, 93) (154, 91) (156, 89) (156, 87) (157, 86) (157, 84) (158, 83) (158, 82) (160, 80) (160, 79) (161, 78) (161, 77) (162, 76) (162, 75) (164, 73) (164, 72) (165, 71) (165, 70) (168, 67) (168, 66) (177, 57) (177, 56) (181, 52) (181, 51) (184, 48) (184, 47) (185, 46) (185, 45) (186, 44) (186, 43) (187, 42) (187, 38) (188, 37) (188, 29) (187, 28) (187, 26) (185, 24) (185, 23) (181, 19) (180, 19) (172, 11) (171, 11) (164, 4) (162, 4) (161, 3) (160, 3) (159, 2) (159, 0) 
--------------------------
Label: 0
Bounding Box: [x: 302, y: 28, width: 143, height: 15]
Confidence: 0.571442
Masks Instance Points: (124, 0) (124, 1) (122, 3) (121, 3) (120, 4) (119, 4) (118, 5) (117, 5) (116, 6) (115, 6) (114, 7) (113, 7) (112, 8) (111, 8) (110, 9) (109, 9) (107, 11) (106, 11) (105, 12) (104, 12) (101, 15) (100, 15) (99, 16) (98, 16) (93, 21) (93, 22) (91, 24) (91, 26) (90, 27) (90, 30) (89, 31) (89, 35) (90, 36) (90, 40) (91, 41) (91, 43) (92, 44) (92, 45) (93, 46) (93, 47) (94, 48) (94, 49) (95, 50) (95, 52) (96, 53) (96, 60) (95, 61) (95, 62) (92, 65) (91, 65) (76, 80) (76, 81) (64, 93) (64, 94) (54, 104) (53, 104) (48, 109) (48, 110) (45, 113) (45, 114) (41, 118) (41, 119) (36, 124) (36, 125) (31, 130) (31, 131) (27, 135) (27, 136) (24, 139) (24, 140) (21, 143) (21, 144) (19, 146) (19, 147) (18, 148) (18, 149) (16, 151) (16, 152) (15, 153) (15, 154) (12, 157) (12, 158) (11, 159) (11, 160) (10, 161) (10, 162) (9, 163) (9, 164) (8, 165) (8, 167) (7, 168) (7, 170) (6, 171) (6, 172) (4, 174) (4, 175) (3, 176) (3, 178) (2, 179) (2, 180) (1, 181) (0, 181) (0, 185) (2, 185) (3, 186) (4, 186) (5, 187) (6, 187) (8, 189) (9, 189) (10, 190) (14, 190) (15, 191) (17, 191) (18, 192) (20, 192) (21, 193) (24, 193) (25, 194) (27, 194) (28, 195) (30, 195) (31, 196) (32, 196) (33, 197) (36, 197) (37, 198) (41, 198) (42, 199) (44, 199) (45, 200) (46, 200) (47, 201) (49, 201) (50, 202) (60, 202) (61, 201) (62, 201) (64, 203) (65, 203) (67, 205) (70, 205) (71, 206) (74, 206) (75, 207) (76, 207) (77, 208) (79, 208) (80, 209) (82, 209) (83, 210) (86, 210) (87, 211) (89, 211) (90, 212) (91, 212) (92, 213) (95, 213) (96, 214) (100, 214) (101, 215) (103, 215) (105, 217) (108, 217) (109, 218) (113, 218) (114, 219) (116, 219) (117, 220) (118, 220) (119, 221) (122, 221) (123, 222) (131, 222) (132, 221) (133, 221) (134, 220) (134, 218) (135, 217) (135, 213) (136, 212) (136, 209) (137, 208) (137, 206) (138, 205) (138, 202) (139, 201) (139, 196) (140, 195) (140, 190) (141, 189) (141, 186) (142, 185) (142, 177) (143, 176) (143, 164) (144, 163) (144, 152) (145, 151) (145, 146) (146, 145) (146, 140) (147, 139) (147, 131) (148, 130) (148, 123) (149, 122) (149, 118) (150, 117) (150, 114) (151, 113) (151, 108) (152, 107) (152, 102) (153, 101) (153, 99) (154, 98) (154, 96) (155, 95) (155, 91) (156, 90) (156, 88) (157, 87) (157, 86) (158, 85) (158, 84) (159, 83) (159, 81) (160, 80) (160, 79) (161, 78) (161, 77) (163, 75) (163, 74) (164, 73) (164, 72) (166, 70) (166, 69) (168, 67) (168, 66) (171, 63) (171, 62) (183, 50) (183, 49) (185, 47) (185, 46) (187, 44) (187, 42) (188, 41) (188, 40) (189, 39) (189, 38) (190, 37) (191, 37) (191, 24) (190, 24) (187, 21) (187, 20) (184, 17) (184, 16) (176, 8) (175, 8) (174, 7) (173, 7) (169, 3) (168, 3) (167, 2) (167, 0) 
--------------------------
Label: 0
Bounding Box: [x: 302, y: 28, width: 143, height: 15]
Confidence: 0.540167
Masks Instance Points: (125, 0) (125, 1) (123, 3) (122, 3) (121, 4) (119, 4) (118, 5) (117, 5) (116, 6) (115, 6) (114, 7) (112, 7) (111, 8) (110, 8) (109, 9) (108, 9) (105, 12) (104, 12) (103, 13) (102, 13) (100, 15) (99, 15) (98, 16) (97, 16) (90, 23) (90, 24) (88, 26) (88, 33) (87, 34) (88, 35) (88, 41) (89, 42) (89, 44) (90, 45) (90, 46) (91, 47) (91, 48) (92, 49) (92, 51) (93, 52) (93, 53) (94, 54) (94, 56) (95, 57) (95, 59) (94, 60) (94, 61) (93, 62) (93, 63) (87, 69) (86, 69) (73, 82) (73, 83) (61, 95) (61, 96) (55, 102) (55, 103) (54, 104) (53, 104) (49, 108) (49, 109) (44, 114) (44, 115) (40, 119) (40, 120) (32, 128) (32, 129) (27, 134) (27, 135) (21, 141) (21, 142) (19, 144) (19, 145) (16, 148) (16, 149) (15, 150) (15, 151) (13, 153) (13, 154) (12, 155) (12, 156) (11, 157) (11, 158) (9, 160) (9, 161) (8, 162) (8, 163) (7, 164) (7, 166) (6, 167) (6, 168) (5, 169) (5, 170) (4, 171) (4, 173) (3, 174) (3, 176) (1, 178) (0, 178) (0, 190) (2, 190) (4, 192) (5, 192) (6, 193) (10, 193) (11, 194) (14, 194) (15, 195) (17, 195) (18, 196) (20, 196) (21, 197) (24, 197) (25, 198) (27, 198) (28, 199) (29, 199) (30, 200) (32, 200) (33, 201) (37, 201) (38, 202) (41, 202) (42, 203) (43, 203) (44, 204) (45, 204) (46, 205) (60, 205) (61, 206) (62, 206) (63, 207) (64, 207) (65, 208) (66, 208) (67, 209) (70, 209) (71, 210) (73, 210) (74, 211) (76, 211) (77, 212) (78, 212) (79, 213) (82, 213) (83, 214) (86, 214) (87, 215) (88, 215) (89, 216) (90, 216) (91, 217) (95, 217) (96, 218) (99, 218) (100, 219) (102, 219) (103, 220) (104, 220) (105, 221) (108, 221) (109, 222) (112, 222) (113, 223) (115, 223) (117, 225) (117, 226) (131, 226) (131, 223) (132, 222) (132, 220) (133, 219) (133, 217) (134, 216) (134, 214) (135, 213) (135, 210) (136, 209) (136, 203) (137, 202) (137, 198) (138, 197) (138, 195) (139, 194) (139, 188) (140, 187) (140, 177) (141, 176) (141, 169) (142, 168) (142, 162) (143, 161) (143, 151) (144, 150) (144, 139) (145, 138) (145, 132) (146, 131) (146, 126) (147, 125) (147, 119) (148, 118) (148, 113) (149, 112) (149, 109) (150, 108) (150, 106) (151, 105) (151, 102) (152, 101) (152, 97) (153, 96) (153, 94) (154, 93) (154, 92) (155, 91) (155, 89) (156, 88) (156, 86) (157, 85) (157, 84) (158, 83) (158, 82) (159, 81) (159, 80) (160, 79) (160, 77) (161, 76) (161, 75) (163, 73) (163, 72) (164, 71) (164, 70) (167, 67) (167, 66) (176, 57) (176, 56) (181, 51) (181, 50) (184, 47) (184, 46) (185, 45) (185, 44) (186, 43) (186, 42) (187, 41) (187, 38) (188, 37) (188, 26) (187, 25) (187, 24) (186, 23) (186, 22) (173, 9) (172, 9) (168, 5) (167, 5) (163, 1) (163, 0) 
--------------------------
Label: 0
Bounding Box: [x: 303, y: 27, width: 143, height: 15]
Confidence: 0.486258
Masks Instance Points: (123, 0) (123, 2) (122, 3) (120, 3) (119, 4) (117, 4) (115, 6) (114, 6) (113, 7) (111, 7) (110, 8) (109, 8) (108, 9) (107, 9) (105, 11) (104, 11) (102, 13) (101, 13) (99, 15) (98, 15) (95, 18) (94, 18) (93, 19) (93, 20) (91, 22) (91, 23) (89, 25) (89, 27) (88, 28) (88, 40) (89, 41) (89, 43) (90, 44) (90, 45) (91, 46) (91, 47) (92, 48) (92, 49) (93, 50) (93, 52) (95, 54) (95, 58) (94, 59) (94, 60) (93, 61) (93, 62) (82, 73) (81, 73) (73, 81) (73, 82) (70, 85) (70, 86) (61, 95) (61, 96) (55, 102) (55, 103) (53, 105) (52, 105) (49, 108) (49, 109) (44, 114) (44, 115) (36, 123) (36, 124) (29, 131) (29, 132) (26, 135) (26, 136) (21, 141) (21, 142) (19, 144) (19, 145) (17, 147) (17, 148) (16, 149) (16, 150) (15, 151) (15, 152) (12, 155) (12, 156) (11, 157) (11, 158) (9, 160) (9, 161) (8, 162) (8, 163) (7, 164) (7, 166) (6, 167) (6, 168) (5, 169) (5, 170) (4, 171) (4, 172) (3, 173) (3, 176) (1, 178) (0, 178) (0, 189) (2, 189) (4, 191) (5, 191) (6, 192) (7, 192) (8, 193) (11, 193) (12, 194) (16, 194) (17, 195) (19, 195) (20, 196) (22, 196) (23, 197) (26, 197) (27, 198) (29, 198) (30, 199) (31, 199) (32, 200) (33, 200) (34, 201) (38, 201) (39, 202) (42, 202) (43, 203) (44, 203) (45, 204) (47, 204) (48, 205) (61, 205) (62, 206) (63, 206) (64, 207) (65, 207) (66, 208) (67, 208) (68, 209) (71, 209) (72, 210) (75, 210) (77, 212) (79, 212) (80, 213) (83, 213) (84, 214) (87, 214) (88, 215) (89, 215) (90, 216) (91, 216) (92, 217) (96, 217) (97, 218) (100, 218) (101, 219) (103, 219) (104, 220) (105, 220) (106, 221) (109, 221) (110, 222) (113, 222) (114, 223) (116, 223) (118, 225) (118, 226) (130, 226) (130, 224) (131, 223) (131, 221) (132, 220) (132, 218) (133, 217) (133, 215) (134, 214) (134, 211) (135, 210) (135, 205) (136, 204) (136, 200) (137, 199) (137, 196) (138, 195) (138, 190) (139, 189) (139, 181) (140, 180) (140, 174) (141, 173) (141, 168) (142, 167) (142, 158) (143, 157) (143, 145) (144, 144) (144, 134) (145, 133) (145, 128) (146, 127) (146, 123) (147, 122) (147, 117) (148, 116) (148, 111) (149, 110) (149, 109) (150, 108) (150, 105) (151, 104) (151, 101) (152, 100) (152, 97) (153, 96) (153, 94) (154, 93) (154, 92) (155, 91) (155, 88) (156, 87) (156, 85) (157, 84) (157, 83) (158, 82) (158, 81) (159, 80) (159, 79) (160, 78) (160, 77) (161, 76) (161, 75) (162, 74) (162, 73) (164, 71) (164, 70) (165, 69) (165, 68) (175, 58) (175, 57) (179, 53) (179, 52) (181, 50) (181, 49) (183, 47) (183, 46) (184, 45) (184, 44) (185, 43) (185, 42) (186, 41) (186, 38) (187, 37) (187, 26) (186, 25) (186, 23) (183, 20) (183, 19) (169, 5) (168, 5) (165, 2) (165, 0) 
--------------------------
Label: 0
Bounding Box: [x: 303, y: 27, width: 143, height: 15]
Confidence: 0.480588
Masks Instance Points: (139, 0) (139, 1) (138, 2) (136, 2) (135, 3) (130, 3) (129, 4) (126, 4) (125, 5) (122, 5) (121, 6) (119, 6) (118, 7) (117, 7) (116, 8) (115, 8) (114, 9) (112, 9) (111, 10) (110, 10) (108, 12) (107, 12) (105, 14) (104, 14) (103, 15) (102, 15) (98, 19) (97, 19) (92, 24) (92, 25) (90, 27) (90, 28) (89, 29) (89, 32) (88, 33) (88, 41) (89, 42) (89, 45) (90, 46) (90, 47) (91, 48) (91, 49) (92, 50) (92, 52) (93, 53) (93, 54) (95, 56) (95, 62) (94, 63) (94, 64) (87, 71) (86, 71) (72, 85) (72, 86) (68, 90) (68, 91) (67, 92) (66, 92) (65, 93) (65, 94) (60, 99) (60, 100) (43, 117) (43, 118) (37, 124) (37, 125) (28, 134) (28, 135) (23, 140) (23, 141) (20, 144) (20, 145) (19, 146) (19, 147) (16, 150) (16, 151) (15, 152) (15, 153) (13, 155) (13, 156) (12, 157) (12, 158) (11, 159) (11, 160) (9, 162) (9, 163) (8, 164) (8, 165) (7, 166) (7, 167) (6, 168) (6, 169) (5, 170) (5, 171) (4, 172) (4, 173) (3, 174) (3, 177) (1, 179) (0, 179) (0, 189) (1, 189) (2, 190) (4, 190) (5, 191) (6, 191) (8, 193) (11, 193) (12, 194) (16, 194) (17, 195) (20, 195) (21, 196) (23, 196) (24, 197) (26, 197) (27, 198) (30, 198) (31, 199) (32, 199) (33, 200) (34, 200) (35, 201) (38, 201) (39, 202) (43, 202) (44, 203) (46, 203) (47, 204) (48, 204) (49, 205) (62, 205) (63, 206) (64, 206) (66, 208) (67, 208) (68, 209) (71, 209) (72, 210) (75, 210) (76, 211) (77, 211) (78, 212) (80, 212) (81, 213) (84, 213) (85, 214) (87, 214) (88, 215) (90, 215) (91, 216) (92, 216) (93, 217) (97, 217) (98, 218) (101, 218) (102, 219) (104, 219) (105, 220) (106, 220) (107, 221) (110, 221) (111, 222) (115, 222) (116, 223) (118, 223) (120, 225) (120, 226) (131, 226) (131, 224) (132, 223) (132, 222) (133, 221) (133, 219) (134, 218) (134, 217) (135, 216) (135, 213) (136, 212) (136, 206) (137, 205) (137, 202) (138, 201) (138, 198) (139, 197) (139, 193) (140, 192) (140, 184) (141, 183) (141, 176) (142, 175) (142, 170) (143, 169) (143, 160) (144, 159) (144, 146) (145, 145) (145, 138) (146, 137) (146, 132) (147, 131) (147, 126) (148, 125) (148, 119) (149, 118) (149, 114) (150, 113) (150, 111) (151, 110) (151, 107) (152, 106) (152, 102) (153, 101) (153, 98) (154, 97) (154, 96) (155, 95) (155, 93) (156, 92) (156, 90) (157, 89) (157, 87) (158, 86) (158, 85) (159, 84) (159, 83) (160, 82) (160, 80) (161, 79) (161, 78) (163, 76) (163, 75) (164, 74) (164, 73) (167, 70) (167, 69) (179, 57) (179, 56) (185, 50) (185, 49) (186, 48) (186, 47) (187, 46) (187, 44) (188, 43) (188, 39) (189, 38) (189, 31) (188, 30) (188, 27) (187, 26) (187, 25) (184, 22) (184, 21) (183, 20) (182, 20) (180, 18) (180, 17) (179, 16) (178, 16) (173, 11) (172, 11) (166, 5) (165, 5) (164, 4) (162, 4) (161, 3) (160, 3) (159, 2) (159, 0) 
--------------------------
Label: 0
Bounding Box: [x: 303, y: 27, width: 143, height: 15]
Confidence: 0.436129
Masks Instance Points: (141, 0) (141, 1) (140, 2) (137, 2) (136, 3) (131, 3) (130, 4) (126, 4) (125, 5) (123, 5) (122, 6) (121, 6) (120, 7) (118, 7) (117, 8) (116, 8) (114, 10) (112, 10) (111, 11) (110, 11) (109, 12) (108, 12) (106, 14) (105, 14) (104, 15) (103, 15) (100, 18) (99, 18) (92, 25) (92, 26) (91, 27) (91, 28) (90, 29) (90, 30) (89, 31) (89, 41) (90, 42) (90, 44) (91, 45) (91, 47) (92, 48) (92, 49) (93, 50) (93, 51) (94, 52) (94, 53) (95, 54) (95, 55) (96, 56) (96, 61) (94, 63) (94, 64) (87, 71) (86, 71) (82, 75) (81, 75) (75, 81) (75, 82) (72, 85) (72, 86) (56, 102) (56, 103) (54, 105) (53, 105) (48, 110) (48, 111) (43, 116) (43, 117) (36, 124) (36, 125) (29, 132) (29, 133) (24, 138) (24, 139) (21, 142) (21, 143) (20, 144) (20, 145) (17, 148) (17, 149) (15, 151) (15, 152) (13, 154) (13, 155) (12, 156) (12, 157) (10, 159) (10, 160) (8, 162) (8, 164) (7, 165) (7, 166) (6, 167) (6, 168) (4, 170) (4, 172) (3, 173) (3, 175) (2, 176) (2, 177) (1, 178) (0, 178) (0, 187) (1, 187) (2, 188) (3, 188) (5, 190) (6, 190) (7, 191) (10, 191) (11, 192) (15, 192) (16, 193) (19, 193) (20, 194) (22, 194) (23, 195) (26, 195) (27, 196) (28, 196) (29, 197) (31, 197) (32, 198) (34, 198) (35, 199) (39, 199) (40, 200) (43, 200) (44, 201) (45, 201) (46, 202) (48, 202) (49, 203) (58, 203) (59, 202) (61, 202) (62, 203) (63, 203) (66, 206) (68, 206) (69, 207) (72, 207) (73, 208) (75, 208) (76, 209) (77, 209) (78, 210) (80, 210) (81, 211) (84, 211) (85, 212) (87, 212) (88, 213) (89, 213) (90, 214) (93, 214) (94, 215) (98, 215) (99, 216) (101, 216) (102, 217) (103, 217) (104, 218) (107, 218) (108, 219) (112, 219) (113, 220) (114, 220) (115, 221) (117, 221) (118, 222) (121, 222) (122, 223) (130, 223) (132, 221) (132, 219) (133, 218) (133, 216) (134, 215) (134, 214) (135, 213) (135, 210) (136, 209) (136, 203) (137, 202) (137, 199) (138, 198) (138, 196) (139, 195) (139, 191) (140, 190) (140, 182) (141, 181) (141, 175) (142, 174) (142, 169) (143, 168) (143, 158) (144, 157) (144, 146) (145, 145) (145, 138) (146, 137) (146, 133) (147, 132) (147, 126) (148, 125) (148, 119) (149, 118) (149, 115) (150, 114) (150, 111) (151, 110) (151, 108) (152, 107) (152, 102) (153, 101) (153, 98) (154, 97) (154, 96) (155, 95) (155, 93) (156, 92) (156, 90) (157, 89) (157, 88) (158, 87) (158, 86) (159, 85) (159, 84) (160, 83) (160, 81) (161, 80) (161, 79) (163, 77) (163, 76) (164, 75) (164, 74) (165, 73) (165, 72) (167, 70) (167, 69) (176, 60) (176, 59) (180, 55) (180, 54) (185, 49) (185, 48) (186, 47) (186, 46) (187, 45) (187, 43) (188, 42) (188, 38) (189, 37) (189, 29) (188, 28) (188, 26) (187, 25) (187, 24) (184, 21) (184, 20) (183, 19) (182, 19) (180, 17) (180, 16) (179, 15) (178, 15) (174, 11) (173, 11) (170, 8) (169, 8) (166, 5) (165, 5) (164, 4) (163, 4) (162, 3) (161, 3) (159, 1) (159, 0) 
--------------------------
Label: 0
Bounding Box: [x: 303, y: 28, width: 143, height: 15]
Confidence: 0.579261
Masks Instance Points: (126, 0) (126, 1) (124, 3) (123, 3) (122, 4) (120, 4) (119, 5) (118, 5) (117, 6) (116, 6) (115, 7) (113, 7) (112, 8) (111, 8) (110, 9) (109, 9) (106, 12) (105, 12) (104, 13) (103, 13) (101, 15) (100, 15) (98, 17) (97, 17) (94, 20) (94, 21) (93, 22) (93, 23) (91, 25) (91, 27) (90, 28) (90, 31) (89, 32) (89, 37) (90, 38) (90, 42) (91, 43) (91, 44) (92, 45) (92, 46) (93, 47) (93, 48) (94, 49) (94, 50) (95, 51) (95, 52) (96, 53) (96, 56) (97, 57) (96, 58) (96, 60) (94, 62) (94, 63) (88, 69) (87, 69) (83, 73) (82, 73) (77, 78) (77, 79) (73, 83) (73, 84) (60, 97) (60, 98) (46, 112) (46, 113) (36, 123) (36, 124) (29, 131) (29, 132) (24, 137) (24, 138) (21, 141) (21, 142) (20, 143) (20, 144) (18, 146) (18, 147) (16, 149) (16, 150) (13, 153) (13, 154) (12, 155) (12, 157) (11, 158) (11, 159) (9, 161) (9, 162) (8, 163) (8, 164) (7, 165) (7, 167) (5, 169) (5, 170) (4, 171) (4, 174) (3, 175) (3, 177) (1, 179) (0, 179) (0, 189) (2, 189) (4, 191) (7, 191) (8, 192) (10, 192) (11, 193) (13, 193) (14, 194) (17, 194) (18, 195) (21, 195) (22, 196) (24, 196) (25, 197) (26, 197) (27, 198) (31, 198) (32, 199) (36, 199) (37, 200) (39, 200) (40, 201) (41, 201) (42, 202) (45, 202) (46, 203) (51, 203) (52, 204) (55, 204) (56, 203) (59, 203) (61, 201) (62, 201) (64, 203) (64, 204) (66, 206) (68, 206) (69, 207) (70, 207) (71, 208) (72, 208) (73, 209) (74, 209) (75, 210) (78, 210) (79, 211) (81, 211) (82, 212) (83, 212) (84, 213) (86, 213) (87, 214) (90, 214) (91, 215) (95, 215) (96, 216) (97, 216) (98, 217) (100, 217) (101, 218) (103, 218) (104, 219) (108, 219) (109, 220) (110, 220) (111, 221) (113, 221) (114, 222) (117, 222) (118, 223) (123, 223) (124, 224) (131, 224) (132, 223) (132, 222) (133, 221) (133, 219) (134, 218) (134, 217) (135, 216) (135, 213) (136, 212) (136, 208) (137, 207) (137, 203) (138, 202) (138, 199) (139, 198) (139, 196) (140, 195) (140, 190) (141, 189) (141, 183) (142, 182) (142, 176) (143, 175) (143, 170) (144, 169) (144, 157) (145, 156) (145, 143) (146, 142) (146, 136) (147, 135) (147, 130) (148, 129) (148, 124) (149, 123) (149, 117) (150, 116) (150, 113) (151, 112) (151, 110) (152, 109) (152, 106) (153, 105) (153, 101) (154, 100) (154, 97) (155, 96) (155, 95) (156, 94) (156, 92) (157, 91) (157, 89) (158, 88) (158, 86) (159, 85) (159, 84) (160, 83) (160, 82) (161, 81) (161, 79) (162, 78) (162, 77) (163, 76) (163, 75) (164, 74) (164, 73) (165, 72) (165, 71) (166, 70) (166, 69) (169, 66) (169, 65) (171, 63) (172, 63) (178, 57) (178, 56) (182, 52) (182, 51) (186, 47) (186, 46) (187, 45) (187, 44) (188, 43) (188, 41) (189, 40) (189, 38) (190, 37) (190, 33) (191, 32) (191, 29) (190, 28) (190, 26) (189, 25) (189, 23) (188, 22) (188, 21) (184, 17) (184, 16) (183, 16) (175, 8) (174, 8) (171, 5) (170, 5) (166, 1) (166, 0) 
--------------------------
Label: 66
Bounding Box: [x: 1, y: 354, width: 165, height: 15]
Confidence: 0.421476
Masks Instance Points: (0, 0) (0, 104) (223, 104) (223, 103) (225, 101) (226, 101) (227, 100) (228, 100) (229, 99) (231, 99) (232, 98) (233, 98) (234, 97) (237, 97) (238, 96) (240, 96) (241, 95) (242, 95) (244, 93) (245, 93) (246, 92) (247, 92) (248, 91) (249, 91) (250, 90) (251, 90) (252, 89) (255, 89) (256, 88) (259, 88) (260, 89) (261, 88) (267, 88) (268, 89) (269, 89) (270, 88) (280, 88) (281, 89) (282, 89) (284, 91) (285, 91) (286, 92) (288, 92) (289, 93) (289, 94) (296, 101) (296, 102) (300, 102) (301, 103) (301, 104) (314, 104) (314, 103) (315, 102) (321, 102) (322, 101) (334, 101) (335, 102) (338, 102) (339, 103) (339, 104) (342, 104) (342, 103) (343, 102) (344, 102) (345, 101) (345, 100) (346, 99) (346, 98) (349, 95) (350, 95) (352, 93) (354, 93) (355, 92) (363, 92) (364, 93) (365, 93) (365, 80) (363, 80) (362, 79) (359, 79) (358, 78) (356, 78) (355, 77) (350, 77) (349, 76) (347, 76) (346, 75) (345, 75) (344, 74) (343, 74) (342, 73) (340, 73) (339, 72) (338, 72) (337, 71) (335, 71) (334, 70) (328, 70) (327, 69) (319, 69) (318, 68) (315, 68) (314, 67) (309, 67) (308, 66) (303, 66) (302, 65) (299, 65) (298, 64) (297, 64) (296, 63) (292, 63) (291, 62) (285, 62) (284, 61) (280, 61) (279, 60) (276, 60) (275, 59) (273, 59) (272, 58) (268, 58) (267, 57) (265, 57) (264, 56) (261, 56) (260, 55) (256, 55) (255, 54) (250, 54) (249, 53) (245, 53) (244, 52) (242, 52) (241, 51) (236, 51) (235, 50) (231, 50) (230, 49) (226, 49) (225, 48) (222, 48) (221, 47) (218, 47) (217, 46) (209, 46) (208, 45) (204, 45) (203, 44) (200, 44) (199, 43) (189, 43) (188, 42) (187, 43) (176, 43) (175, 42) (173, 42) (172, 41) (170, 41) (169, 40) (164, 40) (163, 39) (156, 39) (155, 38) (152, 38) (151, 37) (148, 37) (147, 36) (145, 36) (144, 35) (140, 35) (139, 34) (137, 34) (136, 33) (133, 33) (132, 32) (127, 32) (126, 31) (122, 31) (121, 30) (118, 30) (117, 29) (114, 29) (113, 28) (109, 28) (108, 27) (106, 27) (105, 26) (103, 26) (102, 25) (99, 25) (98, 24) (93, 24) (92, 23) (90, 23) (89, 22) (87, 22) (86, 21) (84, 21) (83, 20) (81, 20) (80, 19) (76, 19) (75, 18) (73, 18) (72, 17) (69, 17) (68, 16) (65, 16) (64, 15) (62, 15) (61, 14) (60, 14) (59, 13) (57, 13) (56, 12) (54, 12) (53, 11) (51, 11) (50, 10) (49, 10) (48, 9) (46, 9) (45, 8) (43, 8) (42, 7) (39, 7) (38, 6) (36, 6) (34, 4) (31, 4) (30, 3) (25, 3) (23, 1) (23, 0) 
--------------------------
