Label: 63
Bounding Box: [x: 1, y: 345, width: 143, height: 15]
Confidence: 0.604914
Masks Instance Points: (0, 0) (0, 114) (233, 114) (233, 111) (235, 109) (235, 107) (236, 106) (236, 101) (237, 100) (237, 95) (238, 94) (238, 91) (239, 90) (239, 87) (240, 86) (240, 69) (241, 68) (241, 63) (242, 62) (242, 61) (243, 60) (243, 57) (244, 56) (244, 47) (245, 46) (245, 37) (244, 36) (244, 35) (243, 34) (243, 33) (241, 33) (240, 32) (236, 32) (235, 31) (230, 31) (229, 30) (227, 30) (226, 29) (223, 29) (222, 28) (218, 28) (217, 27) (213, 27) (212, 26) (208, 26) (207, 25) (201, 25) (200, 24) (190, 24) (189, 23) (182, 23) (181, 22) (176, 22) (175, 21) (170, 21) (169, 20) (163, 20) (162, 19) (156, 19) (155, 18) (150, 18) (149, 17) (145, 17) (144, 16) (136, 16) (135, 15) (119, 15) (118, 14) (111, 14) (110, 13) (102, 13) (101, 12) (98, 12) (97, 11) (92, 11) (91, 10) (90, 10) (89, 9) (87, 9) (86, 8) (84, 8) (83, 7) (82, 7) (81, 6) (77, 6) (76, 5) (66, 5) (65, 4) (64, 5) (60, 5) (59, 4) (55, 4) (54, 3) (50, 3) (49, 2) (47, 2) (46, 1) (46, 0) (41, 0) (41, 1) (40, 2) (38, 2) (37, 3) (36, 3) (35, 2) (33, 2) (32, 1) (32, 0) 
--------------------------
Label: 67
Bounding Box: [x: 297, y: 189, width: 187, height: 15]
Confidence: 0.288681
Masks Instance Points: (89, 0) (89, 1) (87, 3) (86, 3) (81, 8) (80, 8) (79, 9) (78, 9) (76, 11) (75, 11) (74, 12) (73, 12) (71, 14) (70, 14) (68, 16) (67, 16) (66, 17) (65, 17) (64, 18) (63, 18) (62, 19) (61, 19) (60, 20) (58, 20) (57, 21) (56, 21) (55, 22) (54, 22) (52, 24) (50, 24) (49, 25) (48, 25) (47, 26) (46, 26) (45, 27) (44, 27) (43, 28) (41, 28) (40, 29) (39, 29) (38, 30) (37, 30) (35, 32) (34, 32) (33, 33) (31, 33) (30, 34) (29, 34) (27, 36) (26, 36) (25, 37) (24, 37) (22, 39) (21, 39) (19, 41) (18, 41) (16, 43) (16, 44) (14, 46) (14, 54) (13, 55) (13, 56) (11, 58) (11, 60) (10, 61) (10, 63) (9, 64) (9, 66) (8, 67) (8, 69) (7, 70) (7, 73) (6, 74) (6, 78) (5, 79) (5, 82) (4, 83) (4, 87) (3, 88) (3, 90) (2, 91) (2, 95) (1, 96) (0, 96) (0, 107) (1, 107) (4, 110) (4, 111) (9, 116) (10, 116) (11, 117) (12, 117) (13, 118) (14, 118) (15, 119) (16, 119) (17, 120) (26, 120) (27, 121) (34, 121) (35, 122) (38, 122) (39, 123) (41, 123) (42, 124) (45, 124) (46, 125) (48, 125) (49, 126) (51, 126) (52, 127) (53, 127) (54, 128) (57, 128) (58, 129) (63, 129) (64, 130) (67, 130) (68, 131) (70, 131) (71, 132) (76, 132) (77, 133) (84, 133) (85, 134) (89, 134) (90, 135) (93, 135) (94, 136) (94, 137) (100, 137) (100, 136) (101, 135) (109, 135) (110, 134) (115, 134) (116, 135) (120, 135) (121, 136) (121, 137) (122, 137) (122, 136) (124, 134) (125, 134) (126, 133) (128, 133) (129, 132) (131, 132) (132, 131) (133, 131) (134, 130) (135, 130) (136, 129) (138, 129) (139, 128) (141, 128) (142, 127) (144, 127) (145, 126) (146, 126) (147, 125) (148, 125) (149, 124) (150, 124) (151, 123) (153, 123) (154, 122) (157, 122) (158, 121) (162, 121) (163, 120) (165, 120) (166, 119) (169, 119) (170, 118) (182, 118) (183, 119) (191, 119) (195, 115) (195, 114) (196, 113) (196, 111) (197, 110) (197, 104) (198, 103) (198, 98) (199, 97) (200, 97) (200, 31) (199, 31) (198, 30) (196, 30) (195, 29) (194, 29) (193, 28) (190, 28) (189, 27) (187, 27) (186, 26) (184, 26) (183, 25) (181, 25) (180, 24) (177, 24) (176, 23) (175, 23) (174, 22) (173, 22) (172, 21) (171, 21) (170, 20) (169, 20) (168, 19) (166, 19) (165, 18) (164, 18) (163, 17) (161, 17) (160, 16) (158, 16) (157, 15) (154, 15) (153, 14) (152, 14) (151, 13) (149, 13) (148, 12) (146, 12) (145, 11) (143, 11) (142, 10) (140, 10) (139, 9) (136, 9) (135, 8) (132, 8) (131, 7) (129, 7) (128, 6) (127, 6) (126, 5) (125, 5) (124, 4) (123, 4) (122, 3) (121, 3) (119, 1) (119, 0) 
--------------------------
Label: 63
Bounding Box: [x: 299, y: 188, width: 143, height: 15]
Confidence: 0.268004
Masks Instance Points: (87, 0) (87, 2) (86, 3) (85, 3) (84, 4) (82, 4) (79, 7) (78, 7) (77, 8) (76, 8) (75, 9) (74, 9) (72, 11) (71, 11) (69, 13) (68, 13) (66, 15) (65, 15) (64, 16) (63, 16) (62, 17) (60, 17) (59, 18) (58, 18) (57, 19) (56, 19) (55, 20) (54, 20) (53, 21) (52, 21) (51, 22) (50, 22) (49, 23) (48, 23) (47, 24) (45, 24) (44, 25) (43, 25) (42, 26) (41, 26) (40, 27) (39, 27) (38, 28) (37, 28) (36, 29) (35, 29) (34, 30) (33, 30) (32, 31) (31, 31) (30, 32) (29, 32) (28, 33) (26, 33) (23, 36) (22, 36) (21, 37) (19, 37) (17, 39) (16, 39) (14, 41) (13, 41) (12, 42) (12, 43) (10, 45) (10, 53) (9, 54) (9, 55) (7, 57) (7, 58) (6, 59) (6, 60) (5, 61) (5, 63) (4, 64) (4, 66) (3, 67) (3, 70) (1, 72) (0, 72) (0, 112) (2, 112) (5, 115) (6, 115) (7, 116) (8, 116) (9, 117) (10, 117) (11, 118) (14, 118) (15, 119) (25, 119) (26, 120) (31, 120) (32, 121) (34, 121) (35, 122) (38, 122) (39, 123) (42, 123) (43, 124) (45, 124) (46, 125) (47, 125) (48, 126) (50, 126) (51, 127) (56, 127) (57, 128) (60, 128) (61, 129) (63, 129) (64, 130) (68, 130) (69, 131) (76, 131) (77, 132) (80, 132) (81, 133) (84, 133) (85, 134) (113, 134) (114, 135) (117, 135) (118, 136) (119, 136) (120, 135) (122, 135) (125, 132) (127, 132) (128, 131) (129, 131) (130, 130) (131, 130) (132, 129) (133, 129) (134, 128) (135, 128) (136, 127) (138, 127) (139, 126) (141, 126) (142, 125) (143, 125) (144, 124) (145, 124) (146, 123) (148, 123) (149, 122) (152, 122) (153, 121) (156, 121) (157, 120) (160, 120) (161, 119) (163, 119) (164, 118) (167, 118) (168, 117) (174, 117) (175, 118) (186, 118) (187, 117) (188, 117) (191, 114) (191, 112) (192, 111) (192, 109) (193, 108) (193, 104) (194, 103) (194, 102) (195, 101) (195, 100) (194, 99) (194, 97) (195, 96) (195, 82) (196, 81) (196, 73) (197, 72) (197, 69) (198, 68) (199, 68) (199, 34) (197, 34) (192, 29) (191, 29) (190, 28) (188, 28) (187, 27) (185, 27) (184, 26) (182, 26) (181, 25) (179, 25) (178, 24) (175, 24) (174, 23) (172, 23) (171, 22) (170, 22) (169, 21) (168, 21) (167, 20) (166, 20) (165, 19) (164, 19) (163, 18) (161, 18) (160, 17) (159, 17) (158, 16) (155, 16) (154, 15) (152, 15) (151, 14) (149, 14) (148, 13) (146, 13) (145, 12) (143, 12) (142, 11) (140, 11) (139, 10) (137, 10) (136, 9) (134, 9) (133, 8) (129, 8) (128, 7) (125, 7) (124, 6) (123, 6) (121, 4) (120, 4) (119, 3) (117, 3) (115, 1) (115, 0) 
--------------------------
Label: 39
Bounding Box: [x: 554, y: 187, width: 143, height: 15]
Confidence: 0.255356
Masks Instance Points: (46, 0) (46, 1) (45, 2) (44, 2) (43, 3) (40, 3) (39, 4) (33, 4) (32, 5) (29, 5) (28, 6) (27, 6) (26, 7) (25, 7) (24, 8) (22, 8) (21, 9) (20, 9) (19, 10) (18, 10) (16, 12) (15, 12) (12, 15) (12, 16) (11, 17) (11, 18) (10, 19) (10, 21) (9, 22) (9, 32) (8, 33) (8, 41) (7, 42) (7, 46) (6, 47) (6, 50) (5, 51) (5, 54) (4, 55) (4, 70) (3, 71) (3, 96) (2, 97) (2, 103) (1, 104) (0, 104) (0, 273) (85, 273) (85, 0) 
--------------------------
Label: 62
Bounding Box: [x: 1, y: 346, width: 99, height: 15]
Confidence: 0.38726
Masks Instance Points: (0, 0) (0, 114) (232, 114) (232, 113) (233, 112) (233, 110) (234, 109) (234, 107) (235, 106) (235, 103) (236, 102) (236, 96) (237, 95) (237, 87) (238, 86) (238, 77) (239, 76) (239, 71) (240, 70) (240, 66) (241, 65) (241, 57) (242, 56) (242, 53) (243, 52) (243, 51) (244, 50) (245, 50) (245, 37) (244, 37) (243, 36) (242, 36) (240, 34) (239, 34) (238, 33) (235, 33) (234, 32) (225, 32) (224, 31) (220, 31) (219, 30) (216, 30) (215, 29) (212, 29) (211, 28) (204, 28) (203, 27) (195, 27) (194, 26) (190, 26) (189, 25) (184, 25) (183, 24) (175, 24) (174, 23) (167, 23) (166, 22) (163, 22) (162, 21) (156, 21) (155, 20) (146, 20) (145, 19) (137, 19) (136, 18) (129, 18) (128, 17) (111, 17) (110, 16) (102, 16) (101, 15) (99, 15) (98, 14) (96, 14) (95, 13) (92, 13) (91, 12) (88, 12) (87, 11) (84, 11) (83, 10) (82, 10) (81, 9) (79, 9) (78, 8) (76, 8) (75, 7) (74, 7) (73, 6) (72, 6) (71, 7) (68, 7) (67, 6) (62, 6) (61, 7) (60, 6) (56, 6) (55, 5) (52, 5) (51, 4) (47, 4) (46, 3) (38, 3) (37, 4) (32, 4) (31, 3) (24, 3) (23, 2) (22, 2) (21, 1) (21, 0) 
--------------------------
Label: 63
Bounding Box: [x: 1, y: 345, width: 143, height: 15]
Confidence: 0.531997
Masks Instance Points: (0, 0) (0, 114) (233, 114) (233, 113) (234, 112) (234, 110) (235, 109) (235, 108) (236, 107) (236, 105) (237, 104) (237, 98) (238, 97) (238, 88) (239, 87) (239, 79) (240, 78) (240, 73) (241, 72) (241, 67) (242, 66) (242, 57) (243, 56) (243, 53) (245, 51) (246, 51) (246, 36) (244, 36) (243, 35) (242, 35) (240, 33) (238, 33) (237, 32) (229, 32) (228, 31) (222, 31) (221, 30) (219, 30) (218, 29) (215, 29) (214, 28) (208, 28) (207, 27) (200, 27) (199, 26) (194, 26) (193, 25) (189, 25) (188, 24) (181, 24) (180, 23) (172, 23) (171, 22) (167, 22) (166, 21) (162, 21) (161, 20) (153, 20) (152, 19) (145, 19) (144, 18) (139, 18) (138, 17) (132, 17) (131, 16) (115, 16) (114, 15) (107, 15) (106, 14) (102, 14) (101, 13) (98, 13) (97, 12) (92, 12) (91, 11) (89, 11) (88, 10) (86, 10) (85, 9) (84, 9) (83, 8) (81, 8) (80, 7) (77, 7) (76, 6) (75, 6) (74, 5) (70, 5) (69, 6) (68, 5) (65, 5) (64, 6) (60, 6) (59, 5) (55, 5) (54, 4) (50, 4) (49, 3) (45, 3) (44, 2) (40, 2) (39, 3) (27, 3) (26, 2) (24, 2) (23, 1) (23, 0) 
--------------------------
Label: 66
Bounding Box: [x: 88, y: 279, width: 165, height: 15]
Confidence: 0.277406
Masks Instance Points: (89, 0) (89, 1) (87, 3) (84, 3) (83, 4) (79, 4) (78, 5) (77, 5) (75, 7) (74, 7) (73, 8) (71, 8) (70, 9) (69, 9) (67, 11) (66, 11) (65, 12) (62, 12) (61, 13) (59, 13) (58, 14) (55, 14) (54, 15) (52, 15) (51, 16) (48, 16) (47, 17) (46, 17) (45, 18) (44, 18) (42, 20) (37, 20) (36, 21) (33, 21) (31, 23) (30, 23) (28, 25) (27, 25) (24, 28) (23, 28) (22, 29) (21, 29) (20, 30) (19, 30) (16, 33) (15, 33) (13, 35) (13, 36) (7, 42) (6, 42) (4, 44) (4, 45) (1, 48) (0, 48) (0, 58) (88, 58) (88, 57) (89, 56) (90, 56) (91, 57) (91, 58) (101, 58) (101, 57) (102, 56) (103, 56) (104, 55) (132, 55) (133, 54) (141, 54) (142, 53) (146, 53) (147, 52) (148, 52) (149, 51) (151, 51) (152, 50) (156, 50) (157, 49) (162, 49) (163, 48) (164, 48) (165, 47) (167, 47) (168, 46) (171, 46) (172, 45) (174, 45) (175, 44) (176, 44) (177, 43) (179, 43) (179, 20) (178, 20) (176, 18) (176, 16) (175, 15) (175, 7) (176, 6) (175, 5) (175, 0) 
--------------------------
Label: 63
Bounding Box: [x: 1, y: 346, width: 143, height: 15]
Confidence: 0.595058
Masks Instance Points: (0, 0) (0, 113) (230, 113) (230, 111) (231, 110) (231, 109) (232, 108) (232, 105) (233, 104) (233, 98) (234, 97) (234, 92) (235, 91) (235, 86) (236, 85) (236, 73) (237, 72) (237, 69) (238, 68) (238, 66) (239, 65) (239, 61) (240, 60) (240, 51) (241, 50) (241, 44) (242, 43) (242, 39) (241, 38) (241, 37) (238, 34) (237, 34) (236, 33) (234, 33) (233, 32) (227, 32) (226, 31) (219, 31) (218, 30) (215, 30) (214, 29) (211, 29) (210, 28) (205, 28) (204, 27) (197, 27) (196, 26) (190, 26) (189, 25) (186, 25) (185, 24) (177, 24) (176, 23) (168, 23) (167, 22) (162, 22) (161, 21) (156, 21) (155, 20) (147, 20) (146, 19) (138, 19) (137, 18) (132, 18) (131, 17) (122, 17) (121, 16) (110, 16) (109, 15) (104, 15) (103, 14) (101, 14) (100, 13) (97, 13) (96, 12) (91, 12) (90, 11) (86, 11) (85, 10) (83, 10) (82, 9) (80, 9) (79, 8) (77, 8) (76, 7) (74, 7) (73, 6) (66, 6) (65, 7) (59, 7) (58, 6) (52, 6) (51, 5) (48, 5) (47, 4) (43, 4) (42, 3) (26, 3) (25, 2) (23, 2) (22, 1) (22, 0) 
--------------------------
Label: 63
Bounding Box: [x: 295, y: 190, width: 143, height: 15]
Confidence: 0.312581
Masks Instance Points: (85, 0) (85, 1) (82, 4) (81, 4) (78, 7) (77, 7) (75, 9) (74, 9) (72, 11) (71, 11) (70, 12) (69, 12) (66, 15) (65, 15) (64, 16) (63, 16) (62, 17) (61, 17) (60, 18) (59, 18) (58, 19) (57, 19) (56, 20) (55, 20) (54, 21) (53, 21) (52, 22) (51, 22) (50, 23) (49, 23) (48, 24) (46, 24) (45, 25) (44, 25) (42, 27) (41, 27) (40, 28) (39, 28) (38, 29) (37, 29) (36, 30) (35, 30) (34, 31) (33, 31) (32, 32) (31, 32) (30, 33) (29, 33) (27, 35) (26, 35) (25, 36) (24, 36) (22, 38) (21, 38) (19, 40) (17, 40) (16, 41) (14, 41) (12, 43) (12, 44) (11, 45) (11, 46) (10, 47) (10, 53) (9, 54) (9, 57) (8, 58) (8, 60) (7, 61) (7, 62) (6, 63) (6, 64) (5, 65) (5, 67) (4, 68) (4, 71) (3, 72) (3, 74) (1, 76) (0, 76) (0, 113) (2, 113) (3, 114) (4, 114) (7, 117) (8, 117) (9, 118) (12, 118) (13, 119) (16, 119) (17, 120) (21, 120) (22, 121) (33, 121) (34, 122) (37, 122) (38, 123) (40, 123) (41, 124) (42, 124) (43, 125) (45, 125) (46, 126) (50, 126) (51, 127) (54, 127) (55, 128) (57, 128) (58, 129) (62, 129) (63, 130) (71, 130) (72, 131) (75, 131) (76, 132) (78, 132) (79, 133) (84, 133) (85, 134) (120, 134) (121, 135) (123, 135) (124, 134) (126, 134) (127, 133) (128, 133) (130, 131) (131, 131) (132, 130) (135, 130) (136, 129) (139, 129) (140, 128) (141, 128) (142, 127) (143, 127) (144, 126) (147, 126) (148, 125) (152, 125) (153, 124) (156, 124) (157, 123) (158, 123) (159, 122) (167, 122) (168, 121) (172, 121) (173, 120) (188, 120) (189, 119) (190, 119) (192, 117) (192, 116) (193, 115) (193, 114) (194, 113) (196, 113) (196, 32) (194, 32) (193, 31) (192, 31) (190, 29) (188, 29) (187, 28) (185, 28) (184, 27) (182, 27) (181, 26) (179, 26) (178, 25) (176, 25) (175, 24) (173, 24) (172, 23) (170, 23) (169, 22) (168, 22) (167, 21) (166, 21) (165, 20) (164, 20) (163, 19) (162, 19) (161, 18) (160, 18) (159, 17) (157, 17) (156, 16) (154, 16) (153, 15) (150, 15) (149, 14) (146, 14) (145, 13) (144, 13) (143, 12) (141, 12) (140, 11) (138, 11) (137, 10) (135, 10) (134, 9) (133, 9) (132, 8) (129, 8) (128, 7) (125, 7) (124, 6) (123, 6) (120, 3) (119, 3) (117, 1) (117, 0) 
--------------------------
Label: 63
Bounding Box: [x: 1, y: 345, width: 143, height: 15]
Confidence: 0.429476
Masks Instance Points: (0, 0) (0, 114) (232, 114) (232, 111) (233, 110) (233, 109) (234, 108) (234, 105) (235, 104) (235, 99) (236, 98) (236, 93) (237, 92) (237, 86) (238, 85) (238, 75) (239, 74) (239, 71) (240, 70) (240, 66) (241, 65) (241, 57) (242, 56) (242, 52) (244, 50) (245, 50) (245, 37) (243, 37) (242, 36) (241, 36) (240, 35) (239, 35) (238, 34) (237, 34) (236, 33) (232, 33) (231, 32) (223, 32) (222, 31) (217, 31) (216, 30) (213, 30) (212, 29) (209, 29) (208, 28) (202, 28) (201, 27) (194, 27) (193, 26) (189, 26) (188, 25) (184, 25) (183, 24) (176, 24) (175, 23) (168, 23) (167, 22) (162, 22) (161, 21) (155, 21) (154, 20) (147, 20) (146, 19) (137, 19) (136, 18) (130, 18) (129, 17) (119, 17) (118, 16) (109, 16) (108, 15) (104, 15) (103, 14) (101, 14) (100, 13) (96, 13) (95, 12) (91, 12) (90, 11) (87, 11) (86, 10) (83, 10) (82, 9) (80, 9) (79, 8) (77, 8) (76, 7) (74, 7) (73, 6) (71, 6) (70, 7) (69, 7) (68, 6) (62, 6) (61, 7) (60, 6) (56, 6) (55, 5) (52, 5) (51, 4) (46, 4) (45, 3) (25, 3) (24, 2) (22, 2) (21, 1) (21, 0) 
--------------------------
Label: 62
Bounding Box: [x: 0, y: 345, width: 99, height: 15]
Confidence: 0.356525
Masks Instance Points: (0, 0) (0, 115) (232, 115) (232, 112) (233, 111) (233, 108) (234, 107) (234, 103) (235, 102) (235, 98) (236, 97) (236, 90) (237, 89) (237, 79) (238, 78) (238, 73) (239, 72) (239, 70) (240, 69) (240, 65) (241, 64) (241, 56) (242, 55) (242, 52) (243, 51) (243, 50) (244, 49) (245, 49) (245, 39) (244, 39) (242, 37) (241, 37) (240, 36) (239, 36) (238, 35) (237, 35) (236, 34) (233, 34) (232, 33) (227, 33) (226, 32) (218, 32) (217, 31) (213, 31) (212, 30) (210, 30) (209, 29) (204, 29) (203, 28) (196, 28) (195, 27) (190, 27) (189, 26) (185, 26) (184, 25) (178, 25) (177, 24) (169, 24) (168, 23) (162, 23) (161, 22) (156, 22) (155, 21) (149, 21) (148, 20) (136, 20) (135, 19) (124, 19) (123, 18) (117, 18) (116, 17) (107, 17) (106, 16) (102, 16) (101, 15) (99, 15) (98, 14) (96, 14) (95, 13) (91, 13) (90, 12) (87, 12) (86, 11) (83, 11) (82, 10) (80, 10) (79, 9) (77, 9) (76, 8) (74, 8) (73, 7) (70, 7) (69, 8) (68, 7) (58, 7) (57, 6) (53, 6) (52, 5) (49, 5) (48, 4) (43, 4) (42, 3) (40, 3) (39, 4) (30, 4) (29, 3) (22, 3) (20, 1) (20, 0) 
--------------------------
Label: 66
Bounding Box: [x: 74, y: 275, width: 165, height: 15]
Confidence: 0.289926
Masks Instance Points: (103, 0) (103, 1) (101, 3) (99, 3) (98, 4) (95, 4) (94, 5) (93, 5) (92, 6) (91, 6) (90, 7) (88, 7) (87, 8) (84, 8) (83, 9) (82, 9) (81, 10) (80, 10) (79, 11) (78, 11) (77, 12) (74, 12) (73, 13) (72, 13) (70, 15) (67, 15) (66, 16) (62, 16) (61, 17) (59, 17) (57, 19) (55, 19) (54, 20) (49, 20) (45, 24) (43, 24) (42, 25) (41, 25) (40, 26) (39, 26) (37, 28) (36, 28) (35, 29) (34, 29) (32, 31) (31, 31) (29, 33) (28, 33) (26, 35) (25, 35) (24, 36) (23, 36) (11, 48) (11, 49) (10, 50) (10, 51) (9, 52) (9, 53) (8, 54) (7, 54) (6, 55) (5, 55) (4, 56) (3, 56) (3, 57) (17, 57) (17, 56) (18, 55) (20, 55) (21, 54) (41, 54) (42, 53) (63, 53) (64, 54) (76, 54) (77, 55) (84, 55) (85, 56) (85, 57) (89, 57) (89, 56) (90, 55) (91, 55) (92, 54) (97, 54) (98, 53) (108, 53) (109, 52) (122, 52) (123, 53) (125, 53) (126, 54) (131, 54) (133, 56) (133, 57) (149, 57) (149, 56) (150, 55) (151, 55) (152, 54) (155, 54) (156, 53) (161, 53) (162, 52) (166, 52) (167, 51) (169, 51) (170, 50) (172, 50) (173, 49) (178, 49) (179, 48) (183, 48) (184, 47) (186, 47) (188, 45) (191, 45) (191, 18) (190, 18) (188, 16) (188, 12) (187, 11) (187, 6) (183, 2) (183, 0) 
--------------------------
Label: 28
Bounding Box: [x: 546, y: 190, width: 165, height: 15]
Confidence: 0.355434
Masks Instance Points: (41, 0) (41, 1) (39, 3) (37, 3) (36, 4) (33, 4) (32, 5) (30, 5) (29, 6) (28, 6) (27, 7) (26, 7) (25, 8) (23, 8) (22, 9) (21, 9) (17, 13) (17, 14) (16, 15) (16, 16) (15, 17) (15, 19) (14, 20) (14, 24) (13, 25) (13, 37) (12, 38) (12, 48) (11, 49) (11, 51) (10, 52) (10, 54) (9, 55) (9, 66) (8, 67) (8, 82) (7, 83) (7, 93) (6, 94) (6, 97) (5, 98) (5, 103) (4, 104) (4, 110) (3, 111) (3, 121) (2, 122) (2, 124) (1, 125) (0, 125) (0, 138) (1, 138) (2, 139) (2, 140) (3, 141) (3, 161) (2, 162) (2, 163) (1, 164) (0, 164) (0, 199) (1, 199) (2, 200) (2, 202) (3, 203) (3, 222) (2, 223) (2, 227) (1, 228) (0, 228) (0, 265) (1, 265) (3, 267) (3, 268) (93, 268) (93, 0) 
--------------------------
Label: 63
Bounding Box: [x: 1, y: 340, width: 143, height: 15]
Confidence: 0.537019
Masks Instance Points: (0, 0) (0, 119) (224, 119) (224, 117) (225, 116) (225, 114) (226, 113) (226, 112) (227, 111) (227, 108) (228, 107) (228, 102) (229, 101) (229, 94) (230, 93) (230, 91) (231, 90) (231, 86) (232, 85) (232, 72) (233, 71) (233, 68) (234, 67) (234, 66) (235, 65) (235, 62) (236, 61) (236, 53) (237, 52) (237, 48) (239, 46) (240, 46) (240, 39) (239, 39) (236, 36) (234, 36) (233, 35) (231, 35) (230, 34) (229, 34) (228, 33) (225, 33) (224, 32) (218, 32) (217, 31) (212, 31) (211, 30) (207, 30) (206, 29) (201, 29) (200, 28) (191, 28) (190, 27) (185, 27) (184, 26) (181, 26) (180, 25) (176, 25) (175, 24) (168, 24) (167, 23) (162, 23) (161, 22) (158, 22) (157, 21) (154, 21) (153, 20) (146, 20) (145, 19) (137, 19) (136, 18) (131, 18) (130, 17) (119, 17) (118, 16) (107, 16) (106, 15) (103, 15) (102, 14) (100, 14) (99, 13) (96, 13) (95, 12) (92, 12) (91, 11) (89, 11) (88, 10) (85, 10) (84, 9) (81, 9) (80, 8) (76, 8) (75, 7) (55, 7) (54, 6) (51, 6) (50, 5) (47, 5) (46, 4) (43, 4) (42, 3) (39, 3) (38, 2) (33, 2) (32, 3) (28, 3) (26, 1) (26, 0) 
--------------------------
Label: 62
Bounding Box: [x: 1, y: 340, width: 99, height: 15]
Confidence: 0.390564
Masks Instance Points: (0, 0) (0, 120) (224, 120) (224, 118) (225, 117) (225, 115) (226, 114) (226, 112) (227, 111) (227, 108) (228, 107) (228, 101) (229, 100) (229, 94) (230, 93) (230, 91) (231, 90) (231, 84) (232, 83) (232, 72) (233, 71) (233, 68) (234, 67) (234, 66) (235, 65) (235, 61) (236, 60) (236, 52) (237, 51) (237, 47) (239, 45) (240, 45) (240, 41) (239, 41) (237, 39) (237, 38) (236, 37) (235, 37) (234, 36) (232, 36) (231, 35) (230, 35) (229, 34) (227, 34) (226, 33) (221, 33) (220, 32) (213, 32) (212, 31) (207, 31) (206, 30) (203, 30) (202, 29) (195, 29) (194, 28) (186, 28) (185, 27) (181, 27) (180, 26) (177, 26) (176, 25) (170, 25) (169, 24) (162, 24) (161, 23) (157, 23) (156, 22) (153, 22) (152, 21) (146, 21) (145, 20) (135, 20) (134, 19) (125, 19) (124, 18) (111, 18) (110, 17) (104, 17) (103, 16) (100, 16) (99, 15) (98, 15) (97, 14) (94, 14) (93, 13) (91, 13) (90, 12) (88, 12) (87, 11) (84, 11) (83, 10) (81, 10) (80, 9) (76, 9) (75, 8) (71, 8) (70, 7) (67, 7) (66, 8) (59, 8) (58, 7) (52, 7) (51, 6) (49, 6) (48, 5) (44, 5) (43, 4) (41, 4) (40, 3) (28, 3) (27, 2) (26, 2) (25, 1) (25, 0) 
--------------------------
Label: 63
Bounding Box: [x: 292, y: 187, width: 143, height: 15]
Confidence: 0.282816
Masks Instance Points: (88, 0) (88, 2) (87, 3) (86, 3) (85, 4) (84, 4) (83, 5) (82, 5) (79, 8) (77, 8) (76, 9) (75, 9) (74, 10) (73, 10) (72, 11) (71, 11) (69, 13) (68, 13) (66, 15) (65, 15) (63, 17) (62, 17) (61, 18) (60, 18) (59, 19) (58, 19) (57, 20) (55, 20) (54, 21) (53, 21) (52, 22) (51, 22) (49, 24) (48, 24) (47, 25) (46, 25) (45, 26) (44, 26) (43, 27) (42, 27) (41, 28) (40, 28) (39, 29) (37, 29) (36, 30) (35, 30) (33, 32) (32, 32) (31, 33) (30, 33) (29, 34) (28, 34) (27, 35) (26, 35) (24, 37) (23, 37) (22, 38) (21, 38) (20, 39) (19, 39) (16, 42) (15, 42) (15, 43) (14, 44) (14, 46) (13, 47) (13, 52) (12, 53) (12, 55) (9, 58) (9, 61) (8, 62) (8, 65) (7, 66) (7, 68) (6, 69) (6, 70) (5, 71) (5, 73) (4, 74) (4, 78) (3, 79) (3, 81) (1, 83) (0, 83) (0, 113) (2, 113) (6, 117) (7, 117) (8, 118) (9, 118) (11, 120) (12, 120) (13, 121) (22, 121) (23, 122) (31, 122) (32, 123) (35, 123) (36, 124) (38, 124) (39, 125) (42, 125) (43, 126) (46, 126) (47, 127) (48, 127) (49, 128) (50, 128) (51, 129) (53, 129) (54, 130) (59, 130) (60, 131) (63, 131) (64, 132) (66, 132) (67, 133) (70, 133) (71, 134) (78, 134) (79, 135) (83, 135) (85, 137) (85, 138) (123, 138) (123, 137) (124, 136) (126, 136) (127, 135) (128, 135) (129, 134) (130, 134) (131, 133) (132, 133) (133, 132) (134, 132) (135, 131) (136, 131) (137, 130) (140, 130) (141, 129) (145, 129) (146, 128) (148, 128) (149, 127) (151, 127) (152, 126) (154, 126) (155, 125) (160, 125) (161, 124) (165, 124) (166, 123) (188, 123) (189, 122) (190, 122) (193, 119) (193, 118) (194, 117) (194, 116) (195, 115) (195, 113) (196, 112) (196, 104) (197, 103) (197, 78) (198, 77) (198, 74) (199, 73) (200, 73) (200, 35) (199, 35) (198, 34) (197, 34) (195, 32) (194, 32) (193, 31) (192, 31) (190, 29) (188, 29) (187, 28) (185, 28) (184, 27) (183, 27) (182, 26) (180, 26) (179, 25) (178, 25) (177, 24) (174, 24) (173, 23) (172, 23) (170, 21) (169, 21) (168, 20) (167, 20) (166, 19) (165, 19) (164, 18) (163, 18) (162, 17) (160, 17) (159, 16) (156, 16) (155, 15) (153, 15) (152, 14) (150, 14) (149, 13) (148, 13) (147, 12) (144, 12) (143, 11) (141, 11) (140, 10) (138, 10) (137, 9) (136, 9) (135, 8) (131, 8) (130, 7) (128, 7) (126, 5) (125, 5) (124, 4) (123, 4) (122, 3) (121, 3) (119, 1) (119, 0) 
--------------------------
